gps_x (m),gps_y (m),gps_z (m),gps_vx (m/s),gps_vy (m/s),gps_vz (m/s)
-2.707031130339984316e+06,4.688711966240629554e+06,3.360419947414976079e+06,5.207854238690945436e-02,-1.136119746396941667e-02,-1.274921298286684629e-02
-2.707023580025293399e+06,4.688712224589363672e+06,3.360415152254198678e+06,-7.661235572453094222e-02,-7.790653164159927480e-02,4.019555282088189789e-03
-2.707021406789406668e+06,4.688706869625146501e+06,3.360431329747238196e+06,-7.134948067994577314e-02,-1.214906620968269138e-02,5.669176869849563982e-02
-2.707029232123491354e+06,4.688709192996459082e+06,3.360424239940654486e+06,5.947335438905392707e-02,-1.648769049524404342e-03,-1.669562218198143363e-02
-2.707014503568871412e+06,4.688713039723483846e+06,3.360417581638875883e+06,8.096858936370293636e-02,-8.544784822013732836e-03,1.549391874966742771e-02
-2.707026921148683876e+06,4.688711825899640098e+06,3.360425106056733523e+06,-1.821734239631259914e-03,-9.558977460715209484e-02,4.165074078704100735e-02
-2.707028492707981262e+06,4.688713345490560867e+06,3.360425974434327334e+06,1.444577575319564225e-02,3.542256150365761386e-02,5.783788990121309370e-02
-2.707028910429823678e+06,4.688715243770032190e+06,3.360431021386759821e+06,2.586344431235814909e-02,-4.496534457843624072e-02,5.139854068964629097e-02
-2.707032509781366214e+06,4.688709251592068002e+06,3.360429775918543804e+06,-2.869211417063340010e-03,1.235089434421155277e-02,-2.334665246651265735e-02
-2.707030010378674138e+06,4.688706847228621133e+06,3.360435683911822271e+06,1.765772770901393243e-02,3.243491566006861948e-02,5.258223001921490808e-02
-2.707034508800544776e+06,4.688715872218784876e+06,3.360431256488381885e+06,2.197507532975346081e-02,2.949971333417941363e-02,4.780869024828818953e-02
-2.707028856210211292e+06,4.688715425378044136e+06,3.360434662895893212e+06,-2.865932009018250237e-02,-2.758238701528933565e-02,-9.079424421320937341e-03
-2.707025092041100375e+06,4.688714899561661296e+06,3.360446160418268293e+06,5.370338822127396217e-02,-3.765789019722959319e-02,5.920704514937946694e-02
-2.707032345532912761e+06,4.688714027565953322e+06,3.360430932755657472e+06,-2.272950833260833220e-02,-4.490740312234428600e-02,2.349272169216887890e-02
-2.707029344844974577e+06,4.688718560344010592e+06,3.360419724424916320e+06,1.998224125383073549e-02,-1.574986692430401652e-02,-5.653111996499218805e-02
-2.707036733053599019e+06,4.688717064053035341e+06,3.360429286810773890e+06,-1.031594958558044312e-02,-4.965126254957381857e-02,7.163033335144304570e-02
-2.707034826799483038e+06,4.688713528451142833e+06,3.360437393972979859e+06,1.670332547578458685e-02,-2.507962731737081383e-02,5.030215850941974903e-02
-2.707030213297984097e+06,4.688708094015144743e+06,3.360451975564753637e+06,-6.826861370454527511e-02,7.616205196077072137e-02,-3.380182725459002571e-03
-2.707028756781188305e+06,4.688710418006474152e+06,3.360429873678134289e+06,-3.282260550972361524e-02,-5.810747569818275338e-02,5.375957485263754831e-02
-2.707031698998761829e+06,4.688709772110314108e+06,3.360413504462050274e+06,9.130539381651187059e-02,-7.613497860292726960e-02,4.212210422257863657e-02
-2.707031349472164642e+06,4.688710328108947724e+06,3.360438413754553534e+06,-1.931462799551123335e-02,8.222403267682913686e-02,3.275137872047490656e-02
-2.707020291590097826e+06,4.688713042724371888e+06,3.360427314185858704e+06,-2.666567843886910247e-02,-1.522744397869405311e-02,6.440341944898328452e-03
-2.707028315564630553e+06,4.688713170852303505e+06,3.360438192061799113e+06,7.096832723940489987e-03,4.246704362803380151e-02,9.052999332128684740e-03
-2.707022095045769121e+06,4.688708262778941542e+06,3.360436201559154317e+06,4.945204914066479718e-02,5.352381932737455827e-02,-3.793213643685171971e-02
-2.707025605956401210e+06,4.688719344260862097e+06,3.360432889137137681e+06,-7.693214648522143928e-02,-3.582613211970122561e-03,6.317992174083673917e-02
-2.707036298682614230e+06,4.688714279709745198e+06,3.360431982962691225e+06,4.546132932343216471e-02,-7.110729501533646912e-02,-1.345359011619302325e-01
-2.707029385433726478e+06,4.688706986654556356e+06,3.360431965502392035e+06,1.258696164110721140e-02,-1.855879131726105580e-02,-6.036020729069255936e-02
-2.707031756405304652e+06,4.688708624825381674e+06,3.360422399651400745e+06,-1.227397375294841941e-01,-6.069981979391710081e-02,3.924711202735708948e-02
-2.707034407037517056e+06,4.688710013684745878e+06,3.360437827183957677e+06,-6.008726181927914051e-02,-7.473173513884873165e-02,6.557767763585342635e-02
-2.707027476640959270e+06,4.688704004228531383e+06,3.360422948887707666e+06,-3.197879508443670499e-02,2.971246150302517958e-02,-1.189287537896840767e-02
-2.707030054406229872e+06,4.688712170699174516e+06,3.360426096271073911e+06,-1.914144741441973357e-03,9.789463241146112438e-02,1.110347548836903980e-01
-2.707030289830159396e+06,4.688710053335541859e+06,3.360433806802317034e+06,-3.891031719814456308e-02,-1.125545086883191631e-02,6.128874808187651489e-05
-2.707027442293697037e+06,4.688702526546224952e+06,3.360426789011063520e+06,6.650254440866164296e-02,8.070307150966954390e-02,-3.749234067436042067e-02
-2.707030764076817781e+06,4.688712235874423757e+06,3.360437958872592542e+06,-4.648222723962529973e-02,3.666985310545681914e-02,-3.726497498058429364e-02
-2.707024635929581709e+06,4.688711411494054832e+06,3.360436704063793644e+06,-8.882641918821680346e-03,6.904077007303048574e-02,-1.873929714532128823e-02
-2.707026671047119424e+06,4.688711233731401153e+06,3.360444658843309153e+06,-2.086826340190984369e-02,-1.557952247758075462e-02,-7.725557275164528399e-03
-2.707026904137406033e+06,4.688704465335628018e+06,3.360432252091933973e+06,-4.208256842455691121e-02,-2.322153443130279757e-02,-1.733969937842435791e-02
-2.707024782960266806e+06,4.688715720221660100e+06,3.360428914215522818e+06,1.113709483571065917e-01,7.736492715147556170e-04,-4.977758334336754992e-02
-2.707032809423861559e+06,4.688715104400683194e+06,3.360442887812263798e+06,-7.324962805840361246e-02,-2.205136773668052788e-02,-5.939487418648348172e-02
-2.707027077584537212e+06,4.688728872434347868e+06,3.360424934736724012e+06,1.837039565369251795e-02,8.393498399803278609e-02,-3.206243361809190534e-02
-2.707023561420101207e+06,4.688712108824445866e+06,3.360437595374960452e+06,3.689418328574869260e-02,2.829149308755931139e-02,-6.184891246500040518e-03
-2.707035350071939174e+06,4.688707375978821889e+06,3.360429647514796816e+06,1.120245325764384400e-03,-2.841800265654730387e-02,-5.153520011546133817e-02
-2.707033268194280565e+06,4.688709008609128185e+06,3.360438426368786953e+06,7.210474387925386308e-02,3.589754584772394952e-02,-2.221025201380770302e-03
-2.707030544591719750e+06,4.688711635469799861e+06,3.360422172919316683e+06,-1.037094629660192252e-01,-2.810401002882643995e-02,2.539239268359376467e-02
-2.707028999157726765e+06,4.688712840225183405e+06,3.360417582191205584e+06,1.902607076965405833e-02,2.798142635486080762e-02,7.250397663851222696e-02
-2.707019999068025500e+06,4.688715320508022793e+06,3.360416833576190751e+06,-2.303127336320253630e-03,-3.527660619835495948e-02,1.163513215942026807e-02
-2.707024570417904761e+06,4.688714605141007341e+06,3.360417508430952206e+06,7.543305314860491127e-03,2.250096795607971212e-02,6.467133386541326634e-03
-2.707025421196826268e+06,4.688709510184552521e+06,3.360443932035791222e+06,-3.201256192779901311e-02,-6.196077961559988412e-02,-5.383794601776096395e-02
-2.707036374534128699e+06,4.688714706679473631e+06,3.360428624367422890e+06,-4.282703686068801280e-02,6.459539059358208879e-02,-3.131892744205815038e-02
-2.707024344499750994e+06,4.688709926104181446e+06,3.360436139202639461e+06,-4.525119464027904659e-02,1.273413657547268762e-01,1.035129654698716400e-01
-2.707025116148028988e+06,4.688712766040943563e+06,3.360437876175926533e+06,1.678395715746907810e-02,-1.006139348847045730e-03,-2.048395859861643856e-03
-2.707028011833681725e+06,4.688706683507493697e+06,3.360429012321797665e+06,2.172467740287894675e-02,-6.374088759538062976e-02,5.346059504928483280e-02
-2.707031224995957687e+06,4.688706040946879424e+06,3.360438943407498766e+06,6.065819122384578238e-02,3.979624365055680311e-03,4.372222779017920918e-02
-2.707037821592992172e+06,4.688714432604449801e+06,3.360421684732901864e+06,-3.076387299681967655e-02,-9.086055793999776864e-02,9.346807718089478884e-03
-2.707030510741259903e+06,4.688715613922826946e+06,3.360431941045046784e+06,8.364708028280358476e-02,-7.297501671573512760e-02,4.950832639581880662e-02
-2.707034741210113280e+06,4.688708799637058750e+06,3.360424955170042813e+06,5.916507896191060267e-02,-2.651984954436616571e-03,-3.506660286006385574e-02
-2.707026479155639187e+06,4.688715031149766408e+06,3.360428298663382884e+06,8.177957535890265084e-02,-9.373270746589087987e-02,4.486275499611155904e-03
-2.707029123419476673e+06,4.688716609172397293e+06,3.360433996570565272e+06,6.788655129684183220e-02,-9.577381022792980439e-03,4.157992592660675855e-03
-2.707031571122265887e+06,4.688705638946607709e+06,3.360434292470982764e+06,-1.106061660048766535e-02,1.670943453421653430e-02,-1.153241595262646801e-02
-2.707027823529381305e+06,4.688712202977282926e+06,3.360421843126879539e+06,4.148447713818238553e-04,-2.933554387241273098e-02,1.840107207134978815e-02
-2.707033284436430316e+06,4.688713746876700781e+06,3.360427577956914902e+06,1.431982542347406961e-02,-1.178332784531754829e-02,1.792245300221766494e-02
-2.707030414772642776e+06,4.688718914062469266e+06,3.360428140852930956e+06,-1.058582277044559572e-03,-5.383090962395717383e-02,-2.167227886741746740e-02
-2.707030219130672980e+06,4.688715309195500799e+06,3.360439815839440562e+06,-2.763532471114730354e-02,-6.327325775817316256e-02,-4.599610211748939720e-02
-2.707032740402776748e+06,4.688713388481192291e+06,3.360434141020793468e+06,6.676033962735604399e-02,-3.583944779560176847e-02,3.024724759658847448e-02
-2.707028597713444382e+06,4.688707362670428120e+06,3.360443411833714228e+06,-9.764099575282469273e-03,-6.844644759313651960e-02,-3.484619073602950035e-02
-2.707028426113668364e+06,4.688713392014075071e+06,3.360424381756446790e+06,-1.072626924832559107e-02,3.999936762356483960e-02,7.993637667161589480e-03
-2.707025373052088544e+06,4.688707122838115320e+06,3.360429318969048560e+06,6.582522611000529711e-02,-2.049101041896503328e-02,2.580842052159766989e-02
-2.707029612108509988e+06,4.688705816474546678e+06,3.360439587729108520e+06,3.153561621887737004e-02,4.905819193568679987e-02,3.365982392013545325e-03
-2.707038607575017959e+06,4.688710228073347360e+06,3.360439370579772163e+06,-1.222319409715805910e-01,-5.396089263688447213e-02,-6.446120844072876499e-02
-2.707023036506569944e+06,4.688710661043797620e+06,3.360427460090979002e+06,-1.487901643820765674e-01,-1.408684962621591791e-02,3.895822451199421055e-02
-2.707022991658929270e+06,4.688708189234927297e+06,3.360432449391354807e+06,3.022115537176885483e-02,9.583795392874260022e-02,-2.172012077363268123e-02
-2.707031896728324238e+06,4.688708827171743847e+06,3.360431423460316379e+06,2.184818704495041300e-02,3.636440950699750679e-02,-3.054977722252116487e-02
-2.707027655949425418e+06,4.688701253028653562e+06,3.360418156136291567e+06,5.177514159407937966e-02,-6.336903187761300238e-02,-6.653485603846980012e-02
-2.707021491107168142e+06,4.688712804230082780e+06,3.360426912802872714e+06,-1.730773561471558863e-02,-5.833158000455989506e-02,-3.447814350463047905e-02
-2.707034353864800651e+06,4.688711504013963044e+06,3.360438944892602041e+06,-5.999744235165205448e-03,-5.854817186981212118e-02,-4.670526753360236538e-02
-2.707033147038904019e+06,4.688713293829791248e+06,3.360443481874468271e+06,-1.998265127378787143e-02,-1.637320539923092788e-02,-1.057950008439408757e-02
-2.707036836621069815e+06,4.688718642347506247e+06,3.360427896692900453e+06,-3.269812054016536448e-03,-3.952360985382992464e-02,-3.532335251668049930e-02
-2.707031200662373099e+06,4.688712253154967912e+06,3.360423059407709632e+06,-8.101626099159481287e-02,-2.538388113611648230e-03,5.467257326004396761e-02
-2.707029315120211802e+06,4.688716713800720870e+06,3.360432501025857404e+06,-6.129151815531702630e-02,1.285720857548765250e-02,-1.771270585152764573e-02
-2.707024358126645442e+06,4.688715055061310530e+06,3.360426330282655079e+06,2.370970332953645232e-02,1.496826184704565244e-02,-5.673037335104716417e-02
-2.707024993907434400e+06,4.688721126375542022e+06,3.360439079937807284e+06,-6.937568861364568074e-02,-5.611121838029514003e-03,-6.008347490490435761e-02
-2.707027015071917325e+06,4.688719798787668347e+06,3.360428435743149836e+06,-2.607347163177226729e-02,1.309816043397762642e-01,-5.866378700785223471e-02
-2.707031272960900329e+06,4.688706740909292363e+06,3.360429137050184887e+06,5.375360298684081495e-02,1.282812110418662770e-02,7.160992879454959603e-02
-2.707027119353994727e+06,4.688708779939454980e+06,3.360424916000173427e+06,-6.178461106309839773e-02,-2.957476506922869855e-02,-3.643945934574122775e-02
-2.707028562906542793e+06,4.688720368214519694e+06,3.360424616638089530e+06,5.339450255521747263e-02,-1.331884416110290341e-02,3.353646659728724139e-02
-2.707025354641187470e+06,4.688711245249436237e+06,3.360425865119252354e+06,4.338264309156707708e-03,4.008500510764349996e-03,1.437370774130291434e-03
-2.707025879363150802e+06,4.688712295031618327e+06,3.360429877945651766e+06,-1.469814741331891550e-02,-4.994798680704408411e-02,-2.454342745231168771e-02
-2.707025057983204257e+06,4.688706816594939679e+06,3.360437438683331013e+06,7.021649985012660966e-02,-5.092808379262316054e-02,-7.900139301609258868e-02
-2.707027150977493729e+06,4.688713868854338303e+06,3.360429349293955602e+06,-8.630035967961241505e-02,2.732720136456118915e-02,-7.552933262836040995e-02
-2.707027504243509844e+06,4.688713187016758136e+06,3.360436966387725901e+06,-1.119183711570520025e-02,-2.277964823388039985e-03,4.609104861308629952e-02
-2.707025536791923922e+06,4.688708834204809740e+06,3.360436032407914754e+06,2.954995932645621080e-03,9.223025099249160252e-02,1.621836730907052744e-03
-2.707018451981214806e+06,4.688719123769587837e+06,3.360423552184059285e+06,4.908546685017910888e-02,1.366178542063800905e-01,-2.229467530836364703e-02
-2.707026141670035198e+06,4.688714033272237517e+06,3.360439136863505002e+06,-4.129553727215162784e-02,-3.816299568124558589e-02,6.337697113534450366e-02
-2.707033158393273596e+06,4.688708420924860053e+06,3.360434546962050255e+06,2.730746635314298953e-02,3.128394030281444332e-02,-6.499701868610953392e-02
-2.707022848816853948e+06,4.688714110252086073e+06,3.360423219967755489e+06,6.715194579503923344e-02,-2.173278366136154396e-02,-9.250593250824985445e-03
-2.707027909210419748e+06,4.688712027123677544e+06,3.360421612425749656e+06,6.277887136745256835e-02,1.006312170032281662e-02,1.014818292316374548e-01
-2.707030928888543975e+06,4.688720583388014697e+06,3.360441657178995665e+06,3.080014909024735015e-02,-1.176314576333935269e-02,-5.347618579627804597e-02
-2.707033803951585200e+06,4.688718244139190763e+06,3.360416378696816508e+06,-3.643893189767598989e-02,-9.535355065014200493e-02,5.352422490839234270e-02
-2.707031142537299078e+06,4.688715974334777333e+06,3.360433619824202731e+06,-1.143458539817491931e-01,4.508231783686819649e-02,1.813584430629382876e-03
-2.707028171557807364e+06,4.688713953060771339e+06,3.360435485960743856e+06,5.044332834235518148e-02,1.861181958745261947e-02,2.945452477446974197e-03
-2.707029869396518450e+06,4.688710799243748188e+06,3.360427592180059757e+06,-1.030946691604891496e-01,6.843580381932211354e-02,-5.197327156446582275e-02
-2.707028851871636696e+06,4.688716895917680115e+06,3.360436440529439598e+06,1.307773396719422720e-01,-3.963417452514723244e-02,-7.382600816694720458e-02
-2.707027639408197254e+06,4.688709949797438458e+06,3.360429432917345315e+06,1.015107798029678682e-01,-4.314474452391245385e-02,2.892512471090099777e-02
-2.707026484005180188e+06,4.688706044809335843e+06,3.360432321834038477e+06,2.416937135271426396e-01,-1.257813131995251868e-02,8.837065285436679352e-02
-2.707023389509124216e+06,4.688712086206993088e+06,3.360416557719870936e+06,4.340054811885558639e-01,3.864189203232840097e-02,9.558781203217433034e-03
-2.707031809480998199e+06,4.688721351626880467e+06,3.360421433048483916e+06,4.688092962833302346e-01,4.489916843794649649e-03,-2.010487968482923063e-02
-2.707021841688280925e+06,4.688715842787080444e+06,3.360430397576720454e+06,7.064278202204533619e-01,4.646579769679714395e-02,1.109741949526048266e-02
-2.707026121837082785e+06,4.688711489759720862e+06,3.360418218745216727e+06,7.034213502224333503e-01,-3.063461442336617643e-02,-2.861685043836868780e-02
-2.707030766363983508e+06,4.688710294770359062e+06,3.360426221042611171e+06,7.596098482989463996e-01,2.223738218114011938e-03,1.210200626454774591e-03
-2.707021876650175080e+06,4.688716494908653200e+06,3.360432635465498082e+06,9.786715848105216331e-01,-5.110174569855029797e-02,-8.281955773678432650e-03
-2.707028715873576701e+06,4.688715921687455848e+06,3.360412847925425507e+06,9.661037518619296494e-01,8.823027616777417981e-03,2.564098869386428198e-02
-2.707024925606402569e+06,4.688710109904075041e+06,3.360436702321594581e+06,1.106700365854961010e+00,2.633277312017544280e-02,2.543934710375771961e-03
-2.707024082048605196e+06,4.688705315087905154e+06,3.360422508488947991e+06,1.240854439910709539e+00,-1.515368345487687167e-02,-2.275413076228144371e-02
-2.707030635837796610e+06,4.688718056157730520e+06,3.360425982242382132e+06,1.310980442367199128e+00,2.747093447960422680e-02,-2.153344204597631983e-02
-2.707032274613453541e+06,4.688712781149616465e+06,3.360439147716440260e+06,1.301895675616733694e+00,-2.297679015123212098e-02,1.536574488991717703e-02
-2.707020079479474574e+06,4.688705456060192548e+06,3.360433895316941198e+06,1.516590463617166984e+00,-1.057175008513739911e-01,-2.375642008361102814e-02
-2.707026720830504782e+06,4.688711480893197469e+06,3.360421220025143120e+06,1.623071035856215261e+00,-1.143154635648714335e-01,-2.439283599889587040e-02
-2.707032483159630559e+06,4.688713512911892496e+06,3.360432634734414518e+06,1.677940564610970853e+00,5.133842858319574015e-02,-1.254859430841203174e-02
-2.707027302619549446e+06,4.688717449203018099e+06,3.360439453182667494e+06,1.772072534911029118e+00,-1.484201008358037102e-02,3.169229994249785770e-02
-2.707030857862544712e+06,4.688713773448576219e+06,3.360438812284213491e+06,1.955664102905778634e+00,-3.595834798712290586e-02,-6.508230046901142263e-02
-2.707031064193940256e+06,4.688705401072503068e+06,3.360435972081038170e+06,2.019683309840233587e+00,9.713257159561612675e-02,-6.724861496264271377e-02
-2.707031421429628506e+06,4.688720588785149157e+06,3.360443892740787007e+06,2.166984412458477394e+00,-7.341078719440910505e-03,-1.898283034054302001e-02
-2.707023059271366335e+06,4.688709760107109323e+06,3.360442689926775638e+06,2.166323732758722365e+00,5.346808054966163681e-02,2.767896108243076553e-02
-2.707035307009914424e+06,4.688702202522057109e+06,3.360438631856155582e+06,2.244775148750181692e+00,1.833682842228902612e-02,-4.081110537364174631e-03
-2.707033738000723533e+06,4.688707624978668056e+06,3.360433824827802368e+06,2.390685735049461247e+00,8.485423765683449554e-03,-1.551883981606963850e-02
-2.707029016307994723e+06,4.688711906964839436e+06,3.360439116838797927e+06,2.566326135540633491e+00,1.216292088838605463e-02,2.486463765017673036e-02
-2.707020029583285097e+06,4.688715817294972017e+06,3.360439387734016869e+06,2.553678200845804103e+00,-5.576849064663329421e-03,3.632723115017449933e-02
-2.707025775983394124e+06,4.688712934980090708e+06,3.360434358348197304e+06,2.761900619150698954e+00,-1.010834305778478409e-01,-3.097640572632647318e-02
-2.707028518900047988e+06,4.688720858555980958e+06,3.360439205256807152e+06,2.822950259916859217e+00,3.202769468452000556e-02,-3.834393022740417711e-02
-2.707022672385731246e+06,4.688715052301109768e+06,3.360433487394024152e+06,2.891449686459788282e+00,-7.887878804691922374e-02,4.656358542586123972e-02
-2.707022378803105559e+06,4.688711634362749755e+06,3.360424920734221116e+06,3.039494156337443354e+00,3.078541184915155327e-02,8.557366547370720555e-02
-2.707028119207939599e+06,4.688716370766237378e+06,3.360434143580059521e+06,3.151309132374716437e+00,9.511039981339228233e-02,-6.607654058497189342e-02
-2.707033163327189628e+06,4.688718304264323786e+06,3.360433550385276321e+06,3.157373117618789138e+00,1.813417476418825725e-02,5.130446296795027061e-02
-2.707023613596201874e+06,4.688720474068270996e+06,3.360424867240625434e+06,3.282149060755385150e+00,4.362543970650845093e-02,-3.587310539203133336e-02
-2.707020317710479721e+06,4.688711375964512117e+06,3.360442973771130666e+06,3.377383640979238155e+00,-5.452306155784082675e-02,5.031069582569323156e-02
-2.707027790842637420e+06,4.688710293634979986e+06,3.360435498241940048e+06,3.562504160675525000e+00,-6.140925043608595063e-02,3.375820349097671119e-02
-2.707024080365449190e+06,4.688704923759854399e+06,3.360432517103518359e+06,3.684899583674357437e+00,5.138777621747635943e-02,4.387804982716206337e-02
-2.707016331978658680e+06,4.688713542765179649e+06,3.360431568393521011e+06,3.779896526279460822e+00,4.785881753649601222e-02,-1.089758850723232010e-02
-2.707012193802903872e+06,4.688715562468980439e+06,3.360428908983624075e+06,3.727617808783038722e+00,-3.648248990585586243e-02,-7.083883552090249058e-02
-2.707025877068032045e+06,4.688711032021481544e+06,3.360432353162114508e+06,3.927577015360578905e+00,5.031810496883475613e-03,9.435178711612778046e-02
-2.707018007047136780e+06,4.688717372905320488e+06,3.360432226764870342e+06,3.974822552354642990e+00,-6.172745402326802744e-02,5.930768146908142052e-02
-2.707019279631725978e+06,4.688715083461019211e+06,3.360418503695745487e+06,4.069498708568870526e+00,4.558737154225710880e-02,-1.098811523508159971e-01
-2.707026845749521162e+06,4.688716664268258028e+06,3.360445681738043670e+06,4.164410727453934591e+00,1.234345922164753334e-01,-9.307834470853476941e-03
-2.707017508580402471e+06,4.688704963714603335e+06,3.360429099329337943e+06,4.260861561520734142e+00,5.362032423793967884e-02,2.596574959632784799e-02
-2.707020278920787387e+06,4.688716273381954059e+06,3.360431042366069742e+06,4.466923981051581727e+00,3.051260864286468866e-02,-5.146374430522096532e-02
-2.707005310613330454e+06,4.688715000452700071e+06,3.360433999169926625e+06,4.405080375334710752e+00,2.217823672413976599e-02,-1.882801894309246715e-02
-2.707014603233343456e+06,4.688712674340947531e+06,3.360435417451528367e+06,4.584541239440563132e+00,-4.317651231519022831e-02,1.018293338911281376e-01
-2.707019005418294575e+06,4.688714563938630745e+06,3.360423341109198052e+06,4.632702457916527017e+00,-3.229701891937569042e-02,3.188096564503799246e-02
-2.707021383317523170e+06,4.688711975788120180e+06,3.360434930822188035e+06,4.781215733007059931e+00,-6.207641378149769164e-03,1.302054639667344672e-02
-2.707011535314490553e+06,4.688709535466596484e+06,3.360423996542696375e+06,4.818690328636638931e+00,-3.570367537655687318e-02,3.629322908667951403e-02
-2.707013305195659865e+06,4.688717735856412910e+06,3.360438775536861271e+06,4.968204317143287696e+00,7.816438650093180882e-03,-5.095221113479780212e-02
-2.707017601781150326e+06,4.688714720047460869e+06,3.360425631139894016e+06,5.207080951029128713e+00,3.244937221862686377e-02,-4.560594318641379707e-02
-2.707020684663639404e+06,4.688715254126272164e+06,3.360431756927389652e+06,5.232262498346689661e+00,6.352346744501263798e-02,-6.182466137220785085e-02
-2.707019218035848811e+06,4.688712605051765218e+06,3.360426715158762410e+06,5.372944875977642809e+00,2.608593497021693963e-02,-1.120304028226010336e-02
-2.707012526751913596e+06,4.688713898528694175e+06,3.360428878314818721e+06,5.338405561411009970e+00,-8.997171757106110432e-03,-4.430556793236484214e-02
-2.707011181412309874e+06,4.688707112433615141e+06,3.360429753564340062e+06,5.492237017321862425e+00,1.110074327167512656e-02,6.607569298267219893e-02
-2.707013756508061197e+06,4.688711324940969236e+06,3.360411574697779492e+06,5.610841174228195172e+00,-1.800157074024671608e-02,-6.134676140638258002e-02
-2.707017204152525403e+06,4.688717375324706547e+06,3.360430972754190676e+06,5.648226853846805895e+00,-6.194610913638121108e-02,-5.259581920373277569e-02
-2.707009302022592165e+06,4.688720026909657754e+06,3.360430962675657589e+06,5.845092342137555796e+00,1.162462024576967241e-02,-2.498827527339490817e-02
-2.707022485706716776e+06,4.688709098992862739e+06,3.360428847383035347e+06,5.877966230810785397e+00,-8.313352435396124951e-02,2.789722581144206404e-02
-2.707015835683512036e+06,4.688713332229975611e+06,3.360437760444641579e+06,6.169808435110685885e+00,-4.727048939513668439e-03,2.969864265750295565e-02
-2.707010614916677121e+06,4.688712718385570683e+06,3.360438908348883037e+06,6.089675537190417209e+00,-2.303948482942463905e-02,4.368016881874087903e-02
-2.707006335547783412e+06,4.688705847809553146e+06,3.360422114692739211e+06,6.189403003824489602e+00,6.281827957190337652e-02,-2.361230341872452843e-03
-2.707007209917427972e+06,4.688713214729066938e+06,3.360427617712275591e+06,6.366118766052122346e+00,-1.343573415291927746e-02,1.951878507231431456e-02
-2.707011939626237843e+06,4.688706457683026791e+06,3.360430027364583220e+06,6.429727081840340475e+00,-9.095594896897679638e-02,-8.248095795214187287e-02
-2.707009026999161113e+06,4.688708296739719808e+06,3.360429239086515270e+06,6.595713450601472516e+00,7.038679018273542864e-02,7.761458987103456858e-03
-2.707009480862502474e+06,4.688713911522157490e+06,3.360431555306262802e+06,6.545197407793531319e+00,-7.968036699326115635e-02,-6.349682938332366910e-02
-2.707004792249967810e+06,4.688710665540146641e+06,3.360433956879612058e+06,6.701143382040236851e+00,-3.960028938877956789e-02,-2.221686424742450906e-03
-2.706999325670599937e+06,4.688704961842716672e+06,3.360435803222886752e+06,6.787405596941638919e+00,1.087290450343458836e-01,-1.202686867723855163e-01
-2.707001533847926650e+06,4.688707114623165689e+06,3.360432305994250346e+06,6.913790236097769437e+00,2.993138527954554776e-02,-1.465123981330815686e-02
-2.707006461039640475e+06,4.688711632746459916e+06,3.360427764065870084e+06,7.021155216333046845e+00,1.060255095854055474e-02,-2.488814117609924534e-02
-2.707005886271290481e+06,4.688711117350978777e+06,3.360443373366198502e+06,7.096586778752309144e+00,-6.616873199755825274e-02,-1.236714621639047468e-01
-2.706998125206264667e+06,4.688706177093911916e+06,3.360428967962879688e+06,7.140547360225405704e+00,-8.419886865251467387e-03,-7.084643609615240423e-02
-2.706997456959177274e+06,4.688717740986414254e+06,3.360436035429866984e+06,7.324303661170269208e+00,-6.210272997265121366e-03,2.575991291987535584e-02
-2.707002236923750024e+06,4.688708039884833619e+06,3.360438582119619939e+06,7.361383781738106258e+00,1.579224834831414667e-02,9.590977824653695860e-02
-2.707007023617060389e+06,4.688706341730042361e+06,3.360422076696884818e+06,7.587425036457923433e+00,6.230733890630710953e-02,-2.752917290922195226e-02
-2.706997098825057968e+06,4.688707379773805849e+06,3.360420291281378828e+06,7.614959764093195638e+00,6.592192106282670355e-03,-6.462715383847932038e-02
-2.707005185430420097e+06,4.688710322441608645e+06,3.360440291756236926e+06,7.673328083777046338e+00,-6.464038581286346563e-02,3.665007633843299362e-02
-2.706993526109587867e+06,4.688709926900076680e+06,3.360434683838576078e+06,7.851044799307517863e+00,-1.001234595016385343e-01,-7.534339759840313899e-02
-2.706991457765551284e+06,4.688713070107685402e+06,3.360429422686488368e+06,7.901471833113140164e+00,2.931684749742426155e-02,8.255647673475677642e-03
-2.706993103180464357e+06,4.688712023384748958e+06,3.360417581643554848e+06,7.855636066944926554e+00,-2.394749919071421582e-02,8.873635041142058366e-02
-2.707000972983521409e+06,4.688715271899839863e+06,3.360443988798317965e+06,8.054536223344479495e+00,-3.570226997848065242e-02,4.061605963778307932e-02
-2.706996671490410343e+06,4.688714947555391118e+06,3.360424979869203642e+06,8.201161260509232775e+00,3.653530182218276551e-02,-4.618216102715711618e-02
-2.707002524322756100e+06,4.688719895264149643e+06,3.360426469795915764e+06,8.321590170859932911e+00,-1.004628651467327355e-01,-4.169736524355632801e-02
-2.706992466523062903e+06,4.688707549961851910e+06,3.360429042377362028e+06,8.428349706623095017e+00,-7.755046359800396583e-02,2.861540145997119866e-03
-2.706989022638401017e+06,4.688719288056804799e+06,3.360419299361131154e+06,8.509743780016940207e+00,-7.222529090840615340e-02,-6.143213303480374310e-02
-2.706988647151806857e+06,4.688715782297329046e+06,3.360445799652818125e+06,8.521474839180363858e+00,-1.068846706278546305e-01,2.967223886191104956e-02
-2.706988586045931093e+06,4.688710935321389697e+06,3.360446022341213189e+06,8.689371122158046745e+00,2.714754134895535145e-02,-2.206855134909759680e-02
-2.706988767753758468e+06,4.688705799091487192e+06,3.360426770825238898e+06,8.750118689467891286e+00,-1.854782842797283657e-02,2.281885092135529230e-03
-2.706987109620010015e+06,4.688720467507631518e+06,3.360432288830214180e+06,8.864133914932535774e+00,-2.566205125621318778e-02,5.524591490965896634e-02
-2.706996412470504176e+06,4.688710579011274502e+06,3.360441722127918620e+06,8.933394798282934701e+00,3.179697731367944757e-02,-1.220186493371026998e-01
-2.706991608744691126e+06,4.688708768165205605e+06,3.360424131654195487e+06,9.122446918372331126e+00,-1.389388041690613543e-02,-5.000341380958342463e-02
-2.706978322944230400e+06,4.688715958744278178e+06,3.360440957698578946e+06,9.165024238917974131e+00,8.230857763000710980e-02,-1.640639693958196449e-02
-2.706984855122811161e+06,4.688707892228024080e+06,3.360435606334009208e+06,9.211793509755057840e+00,7.930538017247414431e-03,2.496628655840886502e-02
-2.706988335232185200e+06,4.688717040749845095e+06,3.360438378991625272e+06,9.379124443610777462e+00,1.398774615456938389e-02,-1.242440259578296048e-02
-2.706985072091538925e+06,4.688715969429349527e+06,3.360425800881044939e+06,9.505683267594651653e+00,1.294684235959211831e-02,1.044789005523056036e-01
-2.706984811645615380e+06,4.688717312726732343e+06,3.360444828329277691e+06,9.673794032455639069e+00,4.593614435756659259e-03,1.164445509319612937e-01
-2.706988869327647146e+06,4.688723838026638143e+06,3.360423952836616430e+06,9.668769402657499512e+00,-4.714748777209658986e-03,1.762194072256930213e-02
-2.706988296525561251e+06,4.688716041342768818e+06,3.360424867310739588e+06,9.894177305415382762e+00,-5.684859292476224235e-03,-1.079020274871093400e-02
-2.706984291602727957e+06,4.688715662156112492e+06,3.360424097515722271e+06,9.825182498463844283e+00,3.429465559936920732e-02,6.093434894298287857e-02
-2.706975116693585180e+06,4.688713377609734423e+06,3.360425542552767787e+06,1.006723920794181915e+01,1.286649814325369415e-02,3.626327127565934921e-02
-2.706973095706257503e+06,4.688715695089963265e+06,3.360422935274629854e+06,9.799951829368890088e+00,5.942477126750536631e-02,9.556426449024270700e-03
-2.706984066809896845e+06,4.688712313413704745e+06,3.360425643050813582e+06,9.749196323557244526e+00,-1.025720166473688931e-02,-3.488645570552586367e-02
-2.706971303984524217e+06,4.688716388742863201e+06,3.360421472465775907e+06,9.698662659887190785e+00,9.054248262310193862e-02,-3.901949271329111651e-02
-2.706980259829110932e+06,4.688717604838335887e+06,3.360421057899262756e+06,9.641500991999841119e+00,-5.831103770211763099e-02,-8.119962678328986050e-02
-2.706978427359324414e+06,4.688698225893098861e+06,3.360432967538420577e+06,9.368236113653933828e+00,3.027510458582195751e-02,6.542134867802031420e-03
-2.706969602360570338e+06,4.688715670315125957e+06,3.360430239522843622e+06,9.424618899703290253e+00,-4.217712410181773119e-02,4.125495689952918960e-02
-2.706963625593494624e+06,4.688710317786594853e+06,3.360434271136672236e+06,9.372974644978459224e+00,6.797996964381448903e-02,-1.821598208269857577e-02
-2.706967346264261287e+06,4.688710800084471703e+06,3.360425037568502594e+06,9.228215591866218759e+00,5.296191920866976516e-02,-5.926359386819475723e-03
-2.706969759381142445e+06,4.688706635591506958e+06,3.360429352393562905e+06,9.115357829953133262e+00,-6.002020070339188218e-02,-1.380349579119644066e-03
-2.706964411427034065e+06,4.688719504200004041e+06,3.360440501908424776e+06,8.990914055408353533e+00,-6.130202956054534025e-02,8.805487534988250264e-02
-2.706963364501669072e+06,4.688720428768316284e+06,3.360437892398365773e+06,8.974728698452222986e+00,-2.675762415698705599e-02,6.436668611700642820e-03
-2.706972226582433097e+06,4.688703592778035440e+06,3.360430053159230389e+06,8.772686734989710189e+00,-6.287146467143604756e-02,-2.032556128288082187e-02
-2.706970225174533203e+06,4.688712009465524927e+06,3.360415970835117623e+06,8.708686348402528310e+00,1.794182396807088298e-02,1.530397020766636508e-02
-2.706964641629271209e+06,4.688707924597997218e+06,3.360439955080814660e+06,8.665895867882266401e+00,-2.161260360885434301e-02,-2.577284621284010781e-03
-2.706968227793167345e+06,4.688712920726059005e+06,3.360438918595643714e+06,8.482516096721534282e+00,3.708942213888842543e-02,-6.285489510637093380e-03
-2.706961967299464624e+06,4.688711934074753895e+06,3.360437223405323457e+06,8.384698275527599165e+00,-1.403767788463977373e-01,-5.381767151367249785e-02
-2.706956950252983719e+06,4.688715619068892673e+06,3.360433711152034346e+06,8.308261775785044989e+00,6.013873535027473155e-02,6.452104978415347525e-02
-2.706960170918931719e+06,4.688706018940943293e+06,3.360434598036994692e+06,8.156537322034271398e+00,-1.864360735359615884e-02,5.658102202581338086e-02
-2.706963095433496404e+06,4.688708853034869768e+06,3.360429730263166595e+06,8.129154876807307417e+00,-4.993058812135429958e-02,-5.957493071079165287e-02
-2.706963124865194317e+06,4.688715707688761875e+06,3.360428289943450131e+06,7.976514511609954283e+00,-6.669028330379244383e-03,-4.651710645699047575e-02
-2.706957046250908170e+06,4.688717894716223702e+06,3.360424559530732222e+06,7.930100458043239264e+00,3.570570895366181191e-02,3.379623016677181773e-03
-2.706952036838645115e+06,4.688711395495137200e+06,3.360431349058129359e+06,7.896511870322146187e+00,8.187443395343375202e-03,-3.471772517697310073e-02
-2.706955401189482305e+06,4.688713403806265444e+06,3.360411810486133676e+06,7.685867128264972870e+00,1.496121310304364405e-02,-5.433828100225183283e-02
-2.706950909803782590e+06,4.688718680074492469e+06,3.360438845681489911e+06,7.644501531673089545e+00,-3.454325115364277610e-02,5.741359461872960757e-02
-2.706957552093226928e+06,4.688707188470567577e+06,3.360436707455566153e+06,7.496980239230225607e+00,6.033373188000939330e-03,-1.083306337572769590e-02
-2.706965198971631005e+06,4.688708323707883246e+06,3.360426769836293068e+06,7.367494698514295948e+00,1.649962269821110897e-02,4.097932220469918674e-02
-2.706958705277259927e+06,4.688712533578791656e+06,3.360441516515772790e+06,7.265725768890450631e+00,-1.017636133041898566e-02,-6.154568563317963648e-02
-2.706952162200729363e+06,4.688712234321518801e+06,3.360422569635520224e+06,7.189108207288207097e+00,-2.311799689959911572e-02,-1.366859006584134756e-02
-2.706945784072982147e+06,4.688709762760898098e+06,3.360420424067757092e+06,6.993711174535569342e+00,-3.897648663071282688e-02,8.000808934069802286e-03
-2.706951930586738978e+06,4.688726205558142625e+06,3.360428021791155916e+06,7.046979808771597575e+00,-1.271463058751924093e-02,-5.427521182563994906e-02
-2.706952580547656864e+06,4.688709683262505569e+06,3.360434599236392416e+06,6.945823300564345715e+00,1.133944700471278821e-02,-5.164317026987711584e-02
-2.706959608693166636e+06,4.688718737901384942e+06,3.360436868516318500e+06,6.787168458245520952e+00,-2.005838088875940700e-02,2.128729531227344790e-02
-2.706946783938753884e+06,4.688711670741357841e+06,3.360432416428423952e+06,6.722478469399600698e+00,-5.004444093953095557e-02,-4.389040104076140369e-02
-2.706948109262361191e+06,4.688715517595100217e+06,3.360436531675183680e+06,6.584806035644423794e+00,3.766215845500057308e-02,-1.065018913692764892e-02
-2.706952082805431914e+06,4.688714083254567347e+06,3.360424881666305475e+06,6.565656592296823746e+00,1.001304858421130789e-02,-8.930684474114541915e-02
-2.706948081972221844e+06,4.688704180653163232e+06,3.360437044396728277e+06,6.342985905734382257e+00,6.044503048727979666e-02,-8.102553922342441151e-02
-2.706948787582856603e+06,4.688713910145821981e+06,3.360425459931624122e+06,6.417978202817838707e+00,-1.141895930110274366e-04,-8.534440099815981950e-02
-2.706958957607031800e+06,4.688709969296704978e+06,3.360429639282432385e+06,6.197975982748114454e+00,-5.814623744407803468e-02,-3.347594806473716544e-02
-2.706954976988419890e+06,4.688709115996867418e+06,3.360437724018319044e+06,5.987087921635421139e+00,1.662595701895069542e-02,6.542098311498249774e-02
-2.706945706364837475e+06,4.688707508097447455e+06,3.360428656746269204e+06,6.016355065502615673e+00,4.593855899433063605e-02,1.859600462967251223e-03
-2.706953952176745515e+06,4.688713424850334413e+06,3.360435161379465833e+06,5.928459857215613305e+00,6.162824789235080841e-02,1.521050285948939013e-02
-2.706951290858681779e+06,4.688712572474567220e+06,3.360432619923720136e+06,5.754530739672571116e+00,2.861672277129089295e-02,-2.806859545092277612e-04
-2.706945004518630914e+06,4.688703911767785437e+06,3.360432083619250450e+06,5.739342921531140895e+00,7.403969146772250431e-02,1.155324416459654890e-02
-2.706945538218742236e+06,4.688714877432270907e+06,3.360424072548940312e+06,5.573833470327958395e+00,-4.977884831004068811e-02,4.588175666337628716e-02
-2.706944991861561313e+06,4.688703666557494551e+06,3.360440447611133102e+06,5.530405625658444180e+00,5.972210756122624947e-02,-2.564045959619790788e-03
-2.706947707899254281e+06,4.688713319002273493e+06,3.360429575908448081e+06,5.387945768088417076e+00,1.478903869358453227e-03,-3.099034179205320538e-02
-2.706939909575815778e+06,4.688720583162601106e+06,3.360437114028995857e+06,5.362840377550326387e+00,-5.747265706624398590e-02,2.507263761921374456e-02
-2.706933047597494908e+06,4.688715659341024235e+06,3.360418023335529957e+06,5.094206820021756066e+00,-4.892126372770687348e-02,-6.738410817626391824e-02
-2.706950451450756285e+06,4.688715047426789068e+06,3.360431293020328041e+06,5.068854361805898101e+00,1.139604729315311059e-02,1.137245178591399786e-01
-2.706950870214738417e+06,4.688715300908760168e+06,3.360432137646311894e+06,5.108442188613964596e+00,4.904362689578056766e-02,-5.162862827334982474e-02
-2.706936353827122133e+06,4.688712468168040738e+06,3.360447228538122494e+06,4.885708154879853105e+00,-7.646760541047159521e-02,-3.014829607682704971e-02
-2.706937153480605222e+06,4.688703301951802336e+06,3.360439549812253099e+06,4.855655196192580902e+00,4.223611641772483799e-02,2.872792562378890385e-02
-2.706945703237937763e+06,4.688715881102633663e+06,3.360433294464914594e+06,4.674372744210612218e+00,1.210323358558058546e-02,-4.368467104919915300e-02
-2.706939212156745140e+06,4.688708417960701510e+06,3.360428922044018283e+06,4.620120035292652361e+00,3.002341261099759906e-02,7.534950680797831979e-02
-2.706947323972279672e+06,4.688715234860124998e+06,3.360433055422222242e+06,4.485768117338100325e+00,5.634821566032369167e-02,6.581683528961513110e-03
-2.706938434496251401e+06,4.688713584898398258e+06,3.360432142643794883e+06,4.511033800474121058e+00,-4.141511892937387029e-02,-3.308255882911687040e-02
-2.706947055720136035e+06,4.688712909047958441e+06,3.360443199773238972e+06,4.286467819204171192e+00,1.586235208953304041e-02,-5.610259418737328918e-02
-2.706936248756756075e+06,4.688710047783866525e+06,3.360428255675083492e+06,4.209157525062399152e+00,4.444107684421585297e-02,2.513006850105769727e-02
-2.706946244006087072e+06,4.688716559724091552e+06,3.360426093112365808e+06,4.137820978706990616e+00,-1.562740658792493784e-02,-1.300332166793266575e-01
-2.706937743195324671e+06,4.688702606698178686e+06,3.360420276822514832e+06,4.052077799347992837e+00,-2.556479107333763101e-02,-4.409134547727521641e-02
-2.706935672127058730e+06,4.688708957262365147e+06,3.360423928780265618e+06,3.816812562810592890e+00,-1.348174797233646187e-02,-3.793172624704495288e-02
-2.706940632813155185e+06,4.688712539513936266e+06,3.360428299600371625e+06,3.874410480360180653e+00,2.833583787028855585e-04,-3.320317886694543891e-02
-2.706933177190352231e+06,4.688706731034061871e+06,3.360441527242398355e+06,3.772407880817509440e+00,-4.146849606246796882e-02,4.698295521175638312e-02
-2.706934529242783319e+06,4.688710433946508914e+06,3.360422404290863313e+06,3.581087901832289422e+00,2.108535759892480807e-02,5.705133623783986696e-02
-2.706936635031868704e+06,4.688715324279422872e+06,3.360434307407237124e+06,3.531497678264884588e+00,-4.348814020320849495e-03,3.069207252465674940e-02
-2.706933161999341100e+06,4.688706331082415767e+06,3.360438634965841193e+06,3.452190513808799377e+00,-4.714575824191036268e-02,-1.720133774063572693e-02
-2.706933447095252108e+06,4.688705874687771313e+06,3.360434084058386739e+06,3.278730287788937492e+00,-4.113707405593791666e-02,1.279701205578845646e-01
-2.706941837061406113e+06,4.688719373308510520e+06,3.360444606633102521e+06,3.201937676730706617e+00,-2.606442495677593202e-03,-4.444200258318825592e-02
-2.706931499180810060e+06,4.688716198109930381e+06,3.360430313138649333e+06,3.200281815902738636e+00,6.929868126061652922e-02,6.048601152829249927e-02
-2.706938553658245131e+06,4.688707587805621326e+06,3.360440528427123558e+06,3.014657371043726997e+00,-2.458612669765519385e-02,4.654898833304099530e-03
-2.706920676629141904e+06,4.688708619912843220e+06,3.360424771896147169e+06,2.943258901841653952e+00,2.324471010075394167e-02,-4.738455964380840907e-02
-2.706933368339498062e+06,4.688711584900270216e+06,3.360428549566261005e+06,2.777561387598937781e+00,8.683157999739950922e-03,-3.459647590986807131e-02
-2.706932574950685725e+06,4.688718255296544172e+06,3.360439441421699245e+06,2.648412787436125626e+00,-9.272517256648823980e-02,-2.697816511640431514e-02
-2.706936688398709986e+06,4.688707094528417103e+06,3.360432132661439478e+06,2.626044239492004717e+00,5.800712369622632036e-02,-1.782078415363163443e-02
-2.706936222478619311e+06,4.688713745340136811e+06,3.360428629540028982e+06,2.449414072659051200e+00,4.182758990901223883e-02,6.125371434305185159e-02
-2.706934268189046066e+06,4.688712144943634979e+06,3.360444827526998241e+06,2.438486948733691762e+00,3.266234499779260142e-02,-3.133022478404795530e-02
-2.706925798128952272e+06,4.688709640260594897e+06,3.360435376145980787e+06,2.313992777168396131e+00,-5.291082527407862252e-02,7.548407778452569106e-02
-2.706933290925607551e+06,4.688716688462466933e+06,3.360424001154828351e+06,2.180770939005256537e+00,-2.805912322646189269e-02,6.643997059712247744e-02
-2.706922826068802737e+06,4.688718171704333276e+06,3.360430769510415848e+06,2.037892994818079728e+00,2.156256192228975244e-02,8.091516595303165083e-02
-2.706932789501691237e+06,4.688706222979395650e+06,3.360445555952909403e+06,2.058271685674530893e+00,3.526976146746784585e-02,1.069891658430787568e-02
-2.706934974538992159e+06,4.688712356503528543e+06,3.360433498714067508e+06,1.895580208660259780e+00,2.111899399563904947e-02,-9.127409125541006366e-04
-2.706936025811502710e+06,4.688706853185757063e+06,3.360427299713107757e+06,1.907759498012117971e+00,-4.957321232455739329e-02,6.269925086624456023e-02
-2.706931039959514514e+06,4.688708843474896625e+06,3.360441541729881428e+06,1.744799600628268887e+00,7.988518692196851234e-02,-3.626013706639773237e-02
-2.706932046367704403e+06,4.688712934965870343e+06,3.360427149887277745e+06,1.637170644346111814e+00,9.617496105407546958e-02,2.842188603882267114e-02
-2.706923741781676188e+06,4.688710517097603530e+06,3.360420514378637541e+06,1.457423712381635816e+00,-1.836113865645737711e-02,4.795309004528229557e-03
-2.706924468109783716e+06,4.688717211555879563e+06,3.360428391473736614e+06,1.365482664447765782e+00,3.962047267556269986e-02,-1.990306606964797886e-02
-2.706936661018991377e+06,4.688712175298860297e+06,3.360437985916560981e+06,1.281680043723799178e+00,2.715120073472899326e-02,-4.020212557845864038e-02
-2.706931167227915023e+06,4.688708931810778566e+06,3.360434133271643892e+06,1.250968437742945305e+00,-7.117063424281562870e-03,-4.070076091357949927e-02
-2.706928412706690840e+06,4.688699472098743543e+06,3.360436814736826811e+06,1.102559148057962402e+00,3.647858974597656401e-02,-4.831696222429435195e-02
-2.706940052444807254e+06,4.688707936756002717e+06,3.360423995598256122e+06,9.908039658693611473e-01,7.485091906325512523e-02,-1.757549923237369457e-02
-2.706937384066404775e+06,4.688710011815839447e+06,3.360427212197416928e+06,9.723946205072571125e-01,-7.082491171482245551e-02,9.603692345569296573e-02
-2.706937180239393841e+06,4.688711207302168943e+06,3.360411828669162467e+06,8.732705678086650769e-01,-1.937446642752245832e-02,-2.709456955299474612e-02
-2.706929907790138852e+06,4.688707430983128957e+06,3.360423234283366706e+06,6.121419217182761940e-01,-3.046058275583247293e-02,-4.663481769228510626e-02
-2.706918559076233301e+06,4.688713505041019060e+06,3.360426337470809463e+06,5.830578097121822401e-01,3.463635430769610585e-02,3.334535775541340452e-02
-2.706930068444999401e+06,4.688716881883071736e+06,3.360422262730576564e+06,4.755445617257269553e-01,2.582550206614793280e-03,-6.379279068168876299e-02
-2.706934076635786798e+06,4.688714328803760000e+06,3.360439330267533194e+06,3.351486343946141755e-01,-5.238767775632233864e-02,-1.126922025284704115e-01
-2.706935486125797499e+06,4.688716740151452832e+06,3.360424200105475262e+06,3.326509082538368633e-01,1.642813651335150657e-02,2.001457857347003350e-02
-2.706931228285461199e+06,4.688697016762265004e+06,3.360435431509706192e+06,1.772685480077868247e-01,-6.673168564665775404e-02,1.211753597886628710e-02
-2.706932837108284235e+06,4.688711751228905283e+06,3.360425690111884382e+06,9.740804786748336053e-02,-1.062384021592408107e-01,1.321489539171943114e-03
-2.706921237175972201e+06,4.688709563341284171e+06,3.360424244877187070e+06,6.074786516137813813e-02,7.442668513037277445e-02,3.181095729393142862e-02
-2.706929065639774315e+06,4.688716007634649053e+06,3.360434256689669564e+06,-8.519796955640529523e-02,4.274606112138386316e-02,8.272865400562446833e-03
-2.706930809719832614e+06,4.688715650813832879e+06,3.360438871364044957e+06,-2.497282012868740769e-02,2.653432047503890834e-01,-3.383339539868782456e-03
-2.706932820438568015e+06,4.688722234609412029e+06,3.360434586367026903e+06,-2.555125634775752899e-02,1.225785772798137496e-01,-8.553109910675295519e-04
-2.706925513776683714e+06,4.688713843666816130e+06,3.360423877729909495e+06,-1.370768496365919881e-02,4.008340598196122873e-01,5.072987215428407040e-03
-2.706928657509779558e+06,4.688713565342340618e+06,3.360433291138156783e+06,6.352720125139078855e-02,4.451846711482769225e-01,-3.978419808406649660e-02
-2.706922040649875998e+06,4.688723769265627488e+06,3.360418964740814175e+06,-7.834135087769500405e-02,6.310453073083533981e-01,-9.170021683705431234e-03
-2.706937342252393719e+06,4.688705099694494158e+06,3.360449129823841155e+06,5.758302390833611867e-02,5.749840465876683293e-01,-1.700890241601182851e-02
-2.706927369757415727e+06,4.688710935789693147e+06,3.360438304613750894e+06,1.078131573256668058e-02,7.075935593009829994e-01,-2.763679217560166546e-02
-2.706927002143182326e+06,4.688711931513155811e+06,3.360426016287590377e+06,-3.420458449515084015e-02,8.515039349824282677e-01,9.359826307672977283e-03
-2.706925542910078540e+06,4.688720449893889017e+06,3.360427521407064050e+06,-2.087986774008053492e-02,8.881754511608997982e-01,-5.631599852625118231e-03
-2.706936417374195531e+06,4.688714406726899557e+06,3.360435625162811950e+06,-9.522091423708311381e-03,1.065788893944446203e+00,4.247316053247458811e-02
-2.706928209316622932e+06,4.688715493400498293e+06,3.360434756146713626e+06,-3.048605567488556212e-02,1.158366670558671263e+00,-5.763667882417804894e-02
-2.706921299366141204e+06,4.688727078925093636e+06,3.360428782413863111e+06,-5.133071488938657778e-02,1.243785791029347942e+00,5.528577681165885993e-02
-2.706936373983740341e+06,4.688708790217535570e+06,3.360441596488270909e+06,5.037974934760149071e-02,1.384119370128433113e+00,-3.262228632766196040e-02
-2.706926096685338765e+06,4.688711723049921915e+06,3.360433306710742414e+06,8.262944540776188951e-02,1.467174547303972343e+00,2.183593838245663499e-02
-2.706929545824335888e+06,4.688714076732032932e+06,3.360441409375987481e+06,4.891454592032651316e-02,1.595981807569353261e+00,-3.371800847277684615e-02
-2.706920056595882867e+06,4.688721546208790503e+06,3.360426374595212750e+06,3.138533087736258137e-03,1.713634661290925898e+00,-1.662477036880626730e-02
-2.706926186375434045e+06,4.688710180975400843e+06,3.360433914421541616e+06,-1.451082275602099195e-02,1.763345215679260836e+00,2.988289462754810735e-02
-2.706931776824791450e+06,4.688720861118833534e+06,3.360438473416098393e+06,9.010632971507864797e-02,1.720993228072738246e+00,-2.334580544350305792e-02
-2.706934587017980404e+06,4.688717397106871009e+06,3.360438750316653866e+06,2.996981110511789601e-02,1.984685068376768280e+00,3.250880473154315470e-02
-2.706935132711723913e+06,4.688712928928588517e+06,3.360434832947610877e+06,2.361787162249892949e-03,2.093445366319001355e+00,-4.252752138036466206e-02
-2.706928679729081225e+06,4.688717111739143729e+06,3.360424852823121473e+06,-8.070527105289356309e-03,2.090251113454187237e+00,1.765992123310478404e-02
-2.706926478768715635e+06,4.688713440245093778e+06,3.360438721009880770e+06,6.372400998772026091e-04,2.263724331138353474e+00,-3.962982162111311490e-02
-2.706931065065748058e+06,4.688717207643404603e+06,3.360433551762580406e+06,-3.010511714620003540e-02,2.400841227417186641e+00,7.330519951605435694e-03
-2.706932546475090086e+06,4.688708125924110413e+06,3.360431711010138504e+06,-9.742377582778571909e-02,2.411942777809649829e+00,-2.096360094755232717e-02
-2.706930417964119930e+06,4.688714254508042708e+06,3.360423560782950372e+06,-3.829627050192575127e-02,2.557602609269894689e+00,-1.853412805539049121e-03
-2.706930992876133882e+06,4.688713334864556789e+06,3.360432144613987301e+06,-8.022233526214535282e-02,2.682096082790700109e+00,2.604613904811860225e-02
-2.706921835824668873e+06,4.688725236087507568e+06,3.360430759682494216e+06,-3.551427269171910511e-02,2.759538776133346527e+00,-4.649295375522007751e-02
-2.706927903657704592e+06,4.688718957694141194e+06,3.360429051817955449e+06,-1.181420107940327341e-01,2.820244521387368586e+00,-7.959059028758025400e-02
-2.706927069962609559e+06,4.688718947732588276e+06,3.360425805889943149e+06,1.852702627422036369e-02,3.020714957842671744e+00,8.451339226811191430e-02
-2.706937088764165528e+06,4.688716592873120680e+06,3.360439195608634036e+06,-4.536758423144004321e-02,3.089290986073340406e+00,2.136545114052131045e-02
-2.706922711926200427e+06,4.688716036905865185e+06,3.360419403956797440e+06,-4.547057427564382692e-02,3.117354028271660304e+00,-3.030057290981949189e-02
-2.706931428021548782e+06,4.688723330489936285e+06,3.360447977241438814e+06,7.350291535596044368e-02,3.270935301012313445e+00,3.431767583362547308e-02
-2.706923886365580373e+06,4.688715337505017407e+06,3.360423115572207142e+06,1.081988776152921841e-02,3.373178504849453141e+00,-6.311931295328149227e-02
-2.706933657386689913e+06,4.688717426951533183e+06,3.360432655655526556e+06,-6.104155935372582165e-02,3.463809750401919629e+00,-2.256915918386571181e-03
-2.706933530679553282e+06,4.688713759451980703e+06,3.360421626898531336e+06,-5.593679885806084745e-02,3.582521429001509272e+00,1.449503176588816389e-02
-2.706930424098674208e+06,4.688716596914199181e+06,3.360440611894296017e+06,-3.033821457909019470e-02,3.620248244497215939e+00,9.203366396478878525e-03
-2.706928982121520210e+06,4.688715107381845824e+06,3.360434879463409539e+06,4.830470805091216513e-02,3.755571669281374980e+00,4.410851773993354485e-02
-2.706928359187420458e+06,4.688720346029944718e+06,3.360436780545492191e+06,-5.232299449692520699e-02,3.895952510944738378e+00,6.240103366082967729e-02
-2.706933738092190120e+06,4.688713300393943675e+06,3.360431864960403647e+06,-2.381890787372790627e-02,3.950860992572396313e+00,-1.990605022051549974e-02
-2.706934263977916911e+06,4.688712796754010953e+06,3.360426609622619580e+06,-2.946875262751653957e-02,4.059350198801159770e+00,4.064849803877656348e-02
-2.706922540023032576e+06,4.688729388341010548e+06,3.360433006804368924e+06,-5.274049849078413926e-02,4.195237659317283097e+00,-5.283337040297064746e-02
-2.706927692650753539e+06,4.688718137759394944e+06,3.360433564847245347e+06,-3.987530879863937505e-02,4.300396385065555549e+00,3.500169376668108012e-02
-2.706923616087434813e+06,4.688718357273854315e+06,3.360420081472766120e+06,9.555071865439535017e-02,4.395024114219479472e+00,-4.077931204231161760e-02
-2.706930034196228255e+06,4.688719058287889697e+06,3.360431418760390487e+06,3.881391574028452557e-02,4.497934595622970377e+00,5.394737844748340866e-02
-2.706925404472790193e+06,4.688714270804477856e+06,3.360450985467751976e+06,4.600662175325195835e-02,4.555156102222083447e+00,-3.292530049257624131e-02
-2.706921399949126877e+06,4.688728141587584279e+06,3.360430008303347975e+06,-5.878606403045980727e-02,4.564665342111155155e+00,1.573091283447004135e-02
-2.706931602237860207e+06,4.688725960614563897e+06,3.360441442545434926e+06,-2.270686137390853440e-02,4.758260946123176183e+00,1.239804350373669151e-01
-2.706924638956169132e+06,4.688736359757925384e+06,3.360428346693287604e+06,3.746157458277859630e-03,4.971613143955491587e+00,-7.972515153296855575e-03
-2.706928144587626681e+06,4.688738621527923271e+06,3.360427794980499428e+06,9.924668806409280009e-02,5.018065691912180881e+00,-4.833698829675257130e-02
-2.706918592816698365e+06,4.688715348408052698e+06,3.360432450381877366e+06,-1.548822068000085816e-02,5.097430138177864833e+00,-3.950686493325426818e-02
-2.706934712049897760e+06,4.688726944290771149e+06,3.360428684144353960e+06,-4.069205321434277850e-02,5.178942038476226806e+00,-4.742479926770307164e-03
-2.706925972062318586e+06,4.688726290467308834e+06,3.360440794851569925e+06,-1.187446179539272326e-02,5.285518440372326765e+00,2.169014931436701044e-02
-2.706940179864938371e+06,4.688723535968059674e+06,3.360418465714206919e+06,6.941531331865750942e-02,5.376416221279271213e+00,-7.360068347711339054e-02
-2.706931697781311814e+06,4.688736011884805746e+06,3.360438081546198111e+06,2.983699724668405218e-02,5.456730271757538553e+00,-1.597872417817693125e-02
-2.706920303194321692e+06,4.688734901943745092e+06,3.360429864507834893e+06,-1.036544330647979906e-01,5.641230857793002151e+00,1.366304773974609359e-02
-2.706920016338285990e+06,4.688724795515830629e+06,3.360429108095738105e+06,1.236088247800652962e-01,5.729620394655928095e+00,4.467218017807019111e-04
-2.706921862309000455e+06,4.688730928201744333e+06,3.360436151935007423e+06,-6.619437930840174188e-04,5.749709791163524208e+00,-1.755905988709795251e-02
-2.706927482520457357e+06,4.688738210446621291e+06,3.360432431787361391e+06,2.968961916386277100e-02,5.879510150669851498e+00,-6.552948559145894969e-02
-2.706923817130084150e+06,4.688730103706423193e+06,3.360429137858892791e+06,-4.745359526372056741e-02,5.906098848761565101e+00,7.605252694896329213e-02
-2.706933138504196890e+06,4.688729969064805657e+06,3.360434219762772322e+06,2.347792840729764907e-02,6.004517274394307158e+00,5.591952107692843565e-02
-2.706936742174768820e+06,4.688735109016774222e+06,3.360429287546326406e+06,-2.318436121420111226e-02,6.209110164768052442e+00,3.447009001243283438e-02
-2.706937068462461233e+06,4.688733528117239475e+06,3.360427057740637567e+06,-1.188379132748743072e-02,6.336605735455806077e+00,5.963914498446995505e-02
-2.706919267725563608e+06,4.688728274590143934e+06,3.360425247288952116e+06,-1.122514538452295228e-02,6.428151590995178744e+00,1.366234748265101814e-03
-2.706933968057605438e+06,4.688730556609794497e+06,3.360439926758162212e+06,-2.203948096120338096e-02,6.475004200785694053e+00,2.295224724312129594e-02
-2.706925874675813597e+06,4.688726290108436719e+06,3.360424333925215527e+06,-6.331169051687633720e-02,6.564870311791987767e+00,1.137963396092835262e-02
-2.706933486406251322e+06,4.688732144428867847e+06,3.360418131183352321e+06,7.293761884558588870e-02,6.680416958990258891e+00,7.673674580380507315e-02
-2.706932476876033936e+06,4.688746273108566180e+06,3.360430739713960327e+06,2.689083015821483111e-03,6.730355375644323068e+00,2.933293184288643385e-02
-2.706930246787918732e+06,4.688734284538267180e+06,3.360432320017303806e+06,1.932434385104231378e-02,6.828170043935950950e+00,-1.258066174134373286e-02
-2.706929744777678046e+06,4.688733281844589859e+06,3.360428133876746986e+06,1.923229523720456843e-02,6.959712450323279676e+00,-3.915711858755481500e-02
-2.706930435572174378e+06,4.688743468288666569e+06,3.360435292386100162e+06,5.332971439609307529e-02,7.060271368786557922e+00,1.454230454671930420e-02
-2.706928970983305946e+06,4.688736494751064107e+06,3.360447633354044054e+06,-2.353493862950621282e-02,7.243795893001250263e+00,-4.307363057732187771e-03
-2.706930807966482360e+06,4.688730792697941884e+06,3.360426931434089784e+06,-5.713616446553257400e-02,7.376554374706478789e+00,8.531289558863044964e-02
-2.706925553691857494e+06,4.688747296862366609e+06,3.360434994387985207e+06,5.133464601032673713e-02,7.375341958474357362e+00,-1.030171664442175797e-02
-2.706924584167620167e+06,4.688744322388974950e+06,3.360428399632193148e+06,5.354008771646878023e-02,7.462539885744971180e+00,1.121776111739533968e-02
-2.706923184745263774e+06,4.688737484959823079e+06,3.360436728898053989e+06,-7.649237203157108200e-02,7.518130239652369262e+00,-6.853701779920311210e-02
-2.706926353343680967e+06,4.688738144721000455e+06,3.360424928889670409e+06,4.196430381342275417e-02,7.704279128480407302e+00,2.263943970473871609e-02
-2.706930915006457362e+06,4.688738226700827479e+06,3.360432172421908472e+06,-2.289106970536710153e-02,7.812878004853334168e+00,-2.559717262326520817e-02
-2.706933408939187881e+06,4.688735711284076795e+06,3.360425776041836943e+06,1.155544108633567088e-02,7.949165100814687968e+00,2.913896056472131679e-02
-2.706933196064948570e+06,4.688741112559214234e+06,3.360425523970991839e+06,-4.620949384539486254e-02,7.929580095748121060e+00,1.807616765455624663e-02
-2.706936036668010056e+06,4.688734612942856736e+06,3.360425401609496679e+06,-1.689514260728373560e-02,8.051391544257626265e+00,4.755848940766858879e-02
-2.706929411633621901e+06,4.688747790843193419e+06,3.360426309740757570e+06,-5.468234322995292607e-02,8.136976342388880568e+00,-1.431084095855803678e-02
-2.706931192833144218e+06,4.688736167449494824e+06,3.360428777072492521e+06,2.416773844473804958e-02,8.418455638187223755e+00,3.519177003640099055e-02
-2.706925516894176137e+06,4.688750869993492030e+06,3.360425820751805324e+06,2.385302557595775017e-02,8.339692491890039250e+00,8.308899365113518731e-02
-2.706930106918636244e+06,4.688746663714351133e+06,3.360427797775834333e+06,7.657315214802122572e-02,8.515738004657908533e+00,-1.356241577558513212e-02
-2.706932233310729265e+06,4.688751406661745161e+06,3.360436168229371309e+06,2.394257342477622633e-02,8.582294166156126280e+00,4.132310160416596129e-02
-2.706927076582605019e+06,4.688747910928224213e+06,3.360426928997665644e+06,6.074010912344925128e-02,8.707688025091062656e+00,-9.220788663934467028e-03
-2.706931871831783094e+06,4.688752195115962066e+06,3.360436469931152649e+06,-2.037755404768635398e-02,8.810569117409100315e+00,1.279963605500338344e-02
-2.706923314796682447e+06,4.688761044926292263e+06,3.360433130430085119e+06,8.234649246999695138e-02,8.855895636646479829e+00,-1.357070605957995946e-01
-2.706934889434300829e+06,4.688752843458919786e+06,3.360421638338826131e+06,-2.358902144114484803e-02,8.949300998864714529e+00,-3.476454058778686435e-02
-2.706931788034452125e+06,4.688747672234108672e+06,3.360424106133332942e+06,-1.736613890925753009e-02,9.157192814075674647e+00,2.592115136543548040e-03
-2.706930113972452935e+06,4.688756533038656227e+06,3.360428709242433310e+06,4.264466491197929643e-02,9.180847968992829067e+00,9.879885181866939620e-03
-2.706922577314603608e+06,4.688754429954163730e+06,3.360440668931894936e+06,5.818846561400279477e-02,9.293837197279897211e+00,1.491940482442002556e-03
-2.706931096284125000e+06,4.688752258600627072e+06,3.360427486014003865e+06,3.523012637589557905e-02,9.456331035747219005e+00,-4.728420368534545087e-02
-2.706935562769582029e+06,4.688757241463654675e+06,3.360417499416586477e+06,3.555290144271534836e-02,9.515805409145254856e+00,8.034062167983512318e-03
-2.706927849797863979e+06,4.688771776948692277e+06,3.360432171225759666e+06,4.095850912393728116e-02,9.572664084968002030e+00,-1.702111740566352241e-02
-2.706927575356843881e+06,4.688756420593883842e+06,3.360429508060789667e+06,2.108794233101305825e-03,9.640598594516605502e+00,-2.344463741844854399e-02
-2.706932887113597244e+06,4.688767746276063845e+06,3.360421802837211173e+06,-1.682117105557019709e-02,9.869060044900924922e+00,-4.050277133337478602e-02
-2.706928147900024895e+06,4.688760553838441148e+06,3.360429179212497547e+06,9.519558626985277078e-03,9.948638408461519589e+00,-7.468870395894226799e-02
-2.706933734461195301e+06,4.688764497983196750e+06,3.360435330052123871e+06,6.083254932952565641e-03,9.986894016847475797e+00,2.651182422104243763e-02
-2.706929515382340644e+06,4.688764162602453493e+06,3.360425128890674096e+06,-6.490122880831408758e-02,9.921046058471901574e+00,2.007132296691464812e-02
-2.706918539130315185e+06,4.688765424723895267e+06,3.360430032334514428e+06,2.030413512404331128e-02,9.891233109839699722e+00,-2.686928634103645866e-02
-2.706929222939867992e+06,4.688760645348748192e+06,3.360428393050412647e+06,8.610193421485864973e-02,9.743709342210634006e+00,7.851135653935104042e-02
-2.706934782762562856e+06,4.688763927492107265e+06,3.360434926443824545e+06,1.132685027068619857e-02,9.543209674705154910e+00,-3.613088272038123341e-03
-2.706932547275567427e+06,4.688766120847214945e+06,3.360433406487165485e+06,-1.221680346096434833e-01,9.585215008198783693e+00,-7.433660505543952801e-02
-2.706939470514351036e+06,4.688770467086258344e+06,3.360442803927479312e+06,-1.497259091694648769e-01,9.334761947957399997e+00,-7.941589640143678283e-03
-2.706935222632474266e+06,4.688765513821745291e+06,3.360428357789660338e+06,-3.417531286995219991e-02,9.277867922461496164e+00,8.488039621989908190e-02
-2.706920142215635162e+06,4.688765196936483495e+06,3.360432901380938012e+06,1.724936970593056104e-02,9.210245851999189881e+00,-1.111246228780797263e-01
-2.706942181551962160e+06,4.688762959873173386e+06,3.360435176761196461e+06,2.707666806259134695e-02,9.253627901091478591e+00,-2.700095391703884184e-02
-2.706932299157596193e+06,4.688765532858303748e+06,3.360433667542961892e+06,2.104471511136023557e-02,9.025480072504841189e+00,-3.885807601450262661e-02
-2.706933825827645604e+06,4.688773215282936580e+06,3.360445584679750726e+06,-5.406423667464341221e-02,8.933216375809532650e+00,2.179526441210483806e-02
-2.706919847574485000e+06,4.688775114019141532e+06,3.360420819800417870e+06,4.638345585896330725e-02,8.811123701361372795e+00,6.424432438386286359e-02
-2.706932598742479458e+06,4.688781764402085915e+06,3.360431795667042490e+06,5.793862440317355811e-03,8.729177439508017500e+00,-2.342101420573592871e-02
-2.706928134460671339e+06,4.688778518198025413e+06,3.360424052032945678e+06,-1.666129104605931083e-02,8.642295207223391174e+00,-5.756651660594002545e-02
-2.706924151592424605e+06,4.688778925520082936e+06,3.360432396085317712e+06,4.437656518449095699e-02,8.444258568947205390e+00,-4.059957528568108875e-02
-2.706929305183128454e+06,4.688782740768805146e+06,3.360430012247851118e+06,-4.208651342219161748e-03,8.448251642255124594e+00,-5.592248286638754756e-02
-2.706929644484626129e+06,4.688772055217356421e+06,3.360441079894863535e+06,3.807956383225449826e-02,8.369899246220329658e+00,-7.926757503144361838e-02
-2.706928268243728671e+06,4.688778716788871214e+06,3.360432801090265159e+06,-5.328024254290730614e-03,8.281857101202577454e+00,8.766024799025451397e-02
-2.706923026947548613e+06,4.688772371687637642e+06,3.360437435280417092e+06,-1.273689120196999994e-02,8.131972141599787207e+00,-7.032469598867339088e-05
-2.706923093177556060e+06,4.688778732358025387e+06,3.360438560142972507e+06,2.331254357277238315e-02,7.979040771120566866e+00,1.746360132365793599e-02
-2.706929347007511184e+06,4.688780417558493093e+06,3.360428591441263910e+06,5.176468279382234056e-02,8.000525980538784054e+00,4.702568011823402006e-02
-2.706925735607237089e+06,4.688776426918322220e+06,3.360431924139080103e+06,7.433185339345146914e-02,7.810550354734742129e+00,3.728911963500900623e-02
-2.706927345071312971e+06,4.688793747438630089e+06,3.360439399004532956e+06,-2.522811677865543709e-02,7.757752476152220744e+00,-5.153401844072026672e-02
-2.706926212879246566e+06,4.688783015551195480e+06,3.360433639797942713e+06,8.789063487613613113e-02,7.632987290282374993e+00,-4.682520682069731682e-02
-2.706931176512178499e+06,4.688789948331923224e+06,3.360435930946222506e+06,-5.707857580332362235e-02,7.558135315573329294e+00,-8.263177929857930260e-02
-2.706931498983253725e+06,4.688780460448142141e+06,3.360426871207528282e+06,3.421936523022852533e-02,7.435751353385015250e+00,-3.084554459886531749e-02
-2.706931288806568366e+06,4.688776233318787999e+06,3.360431974939338863e+06,1.118148017844104378e-02,7.300573375781412189e+00,-2.776765777159773824e-02
-2.706926117377683055e+06,4.688785612665596418e+06,3.360429171564194839e+06,1.228365446191602567e-01,7.298564400535704877e+00,-3.060813215395763107e-02
-2.706927635173113551e+06,4.688781134259625338e+06,3.360425795017546043e+06,4.164444195581555597e-02,7.158926328124911365e+00,2.563672413067346820e-02
-2.706930948306467384e+06,4.688784973854696378e+06,3.360433744389249478e+06,-1.473670444863646282e-02,7.074570655679201181e+00,4.257459709617997246e-02
-2.706928210129379760e+06,4.688778432797060348e+06,3.360431497149441857e+06,-1.356485438543150041e-02,6.905801798250294610e+00,4.869658124924599110e-03
-2.706920047980082687e+06,4.688787671535466798e+06,3.360437549045687076e+06,-3.540004849622069988e-02,6.719953751254706731e+00,-4.195823792389154899e-02
-2.706919361927073449e+06,4.688800549927762710e+06,3.360432007200250868e+06,6.321111766416809274e-02,6.724761449521244216e+00,-4.344438381933132809e-02
-2.706930735698102508e+06,4.688791819755427539e+06,3.360422009464475792e+06,-4.568424256787866761e-03,6.629746822035928133e+00,1.482747955782025631e-02
-2.706928451175221242e+06,4.688788932603514753e+06,3.360436233073097188e+06,-1.061875847586993965e-03,6.466127407088570145e+00,2.415899254394376916e-02
-2.706928388613160700e+06,4.688783090158048086e+06,3.360430769725551829e+06,-8.944404865417841799e-02,6.422129089575636662e+00,3.619376544082585079e-02
-2.706924143862282392e+06,4.688788875415356830e+06,3.360437023866952863e+06,4.760506528394315567e-03,6.347058427128677849e+00,-1.099034359899760394e-01
-2.706923429030508269e+06,4.688795546123674139e+06,3.360440061711282004e+06,-7.204143197401112475e-02,6.152422157663538727e+00,-2.952928717079061124e-04
-2.706927218734979164e+06,4.688783840671943501e+06,3.360439057738683186e+06,2.578882676100339999e-02,6.135958459979629964e+00,8.087837997442000326e-02
-2.706923116425116546e+06,4.688799584863045253e+06,3.360430756554036867e+06,-8.793998624975440936e-02,5.970811508342954710e+00,3.300989405630182227e-02
-2.706930189946108032e+06,4.688791892595517449e+06,3.360435678989058360e+06,4.423767545221682362e-02,5.915086952327761161e+00,3.204290884630719288e-02
-2.706925891641824041e+06,4.688796259229381569e+06,3.360425535549895838e+06,-7.645224218833912566e-02,5.777605088607274730e+00,7.033677393354651267e-03
-2.706926022038033232e+06,4.688804538001240231e+06,3.360419950892058201e+06,-8.321588540912647214e-02,5.728802572130453186e+00,-1.788260347101451597e-02
-2.706931072189460509e+06,4.688802255965123884e+06,3.360428854847423267e+06,-3.019838554902572192e-02,5.680513202286641139e+00,6.210804720165555987e-02
-2.706923883279781323e+06,4.688800804506505840e+06,3.360425741938869003e+06,-2.634105431128163852e-02,5.561121147156803168e+00,-1.244442901274132873e-02
-2.706934155852858908e+06,4.688794310039802454e+06,3.360423417967454065e+06,-2.281171235376469250e-02,5.398725540748921858e+00,-4.880984608124478395e-03
-2.706924943697064184e+06,4.688803616000455804e+06,3.360433954063579440e+06,2.267672298663101285e-02,5.374984438731236658e+00,5.838535344531550764e-02
-2.706925677287098952e+06,4.688803801135025918e+06,3.360432630931857508e+06,2.117169791486722338e-02,5.161263225099302687e+00,5.255306737389658228e-02
-2.706931129970663227e+06,4.688794585411641747e+06,3.360424805215732194e+06,1.166779491233549751e-02,5.138216392861660431e+00,-4.927706213831764548e-02
-2.706923013077310286e+06,4.688797652996826917e+06,3.360440060014355928e+06,5.394202177319720737e-02,5.032196849125473825e+00,-5.109374009104991621e-02
-2.706937113291892223e+06,4.688795765648405068e+06,3.360438518007276114e+06,1.955383247975957250e-02,4.960998689923801663e+00,2.360229610959158411e-03
-2.706926910295039881e+06,4.688801630886848085e+06,3.360430261928026564e+06,5.520313541831803339e-02,4.827902876440585800e+00,-6.363672803373886244e-02
-2.706927651015195530e+06,4.688797773467305116e+06,3.360423609100769274e+06,7.044804118024529816e-04,4.771741217056383100e+00,-6.981963080399265775e-02
-2.706925915656558704e+06,4.688794972572376020e+06,3.360433762006147765e+06,1.593176381075638720e-02,4.597368736993487026e+00,-2.354941541026413232e-02
-2.706930797477939166e+06,4.688800737596817315e+06,3.360432612924624234e+06,-4.138830226056770117e-02,4.575713781099020494e+00,9.864218195179640797e-03
-2.706924861918674782e+06,4.688804081214763224e+06,3.360436105082815513e+06,1.277110780639654532e-02,4.519131548845948920e+00,2.069779968928961780e-02
-2.706926116794256028e+06,4.688803608474430628e+06,3.360433270396732260e+06,-4.136949044322950353e-02,4.316683686751627391e+00,-2.597158075904422436e-02
-2.706934094058875460e+06,4.688802569746054709e+06,3.360436466646428686e+06,1.968824852255696839e-02,4.209985554513117734e+00,-3.096277329382573704e-02
-2.706934481949693989e+06,4.688798787913969718e+06,3.360434017619321588e+06,5.167266847517949790e-02,4.153321955576632085e+00,-3.505828074721934612e-02
-2.706929941784096416e+06,4.688802778034579940e+06,3.360422744281393010e+06,-4.931461393292019962e-02,4.018131159517640327e+00,-5.110807597226985077e-02
-2.706923120116592385e+06,4.688815228676947765e+06,3.360427197229607031e+06,5.944833760674527769e-03,3.947004897331682027e+00,3.184374937055330784e-02
-2.706940203077689745e+06,4.688803515029609203e+06,3.360432985119820572e+06,1.096468052897677792e-01,3.845552320110667832e+00,-1.807187782282154015e-02
-2.706930251497893129e+06,4.688794683128398843e+06,3.360427537380475551e+06,-3.700601640060896536e-02,3.744985089003664669e+00,-7.634516236276826795e-02
-2.706925873753881548e+06,4.688806864836417139e+06,3.360430307543984614e+06,2.813247007059440849e-02,3.687044708202417809e+00,3.704401743730161706e-02
-2.706920351136045530e+06,4.688806257470982149e+06,3.360424326437562704e+06,-7.919017444345932688e-02,3.470593694974349663e+00,-4.059075646973069051e-02
-2.706941710792924277e+06,4.688797531586661935e+06,3.360420293322437443e+06,-1.788306032872350182e-01,3.368087212814121489e+00,-1.361147402980001416e-03
-2.706924112992089242e+06,4.688802694713274017e+06,3.360419033404830378e+06,5.566167864009105570e-02,3.443989629732029378e+00,-1.381580684188096243e-02
-2.706931513750715647e+06,4.688809714350408874e+06,3.360432010377727449e+06,3.205202667494307794e-02,3.213816365486400262e+00,-2.811293837121893457e-02
-2.706934393206424545e+06,4.688806809649983421e+06,3.360430593073897995e+06,-4.112183223058227255e-02,3.083509249092139193e+00,2.202468286890550339e-02
-2.706934034890806302e+06,4.688801714259501547e+06,3.360434300058450550e+06,1.716750678465440647e-02,2.972039846632813287e+00,-1.222645707958997519e-01
-2.706926044509647414e+06,4.688815580736282282e+06,3.360431363623477053e+06,-7.561596907306428195e-02,2.944766641973792787e+00,-5.657227623154065244e-02
-2.706923410237455741e+06,4.688814378341769800e+06,3.360434175227661151e+06,-1.156534569660422201e-01,2.779643297556857018e+00,9.678875089635208262e-02
-2.706929891531592235e+06,4.688812135333559476e+06,3.360450770981308538e+06,1.652759122062998423e-02,2.718819283905546502e+00,8.926375854805334437e-03
-2.706928302459248342e+06,4.688813421111214906e+06,3.360422033319105860e+06,4.451258430437696201e-02,2.650871590943440381e+00,-6.444104845932531467e-02
-2.706926906438896433e+06,4.688807480820569210e+06,3.360440344382639043e+06,-6.847414962272828365e-02,2.502431959447632526e+00,-1.027252175604791706e-01
-2.706932281257909257e+06,4.688810063721903600e+06,3.360442273962145671e+06,-1.180819157730995592e-02,2.378542742635350038e+00,1.130442688788967261e-02
-2.706931656345258001e+06,4.688810666910342872e+06,3.360440897287031170e+06,-2.853314710343771154e-02,2.282596775916748033e+00,2.246633721345890622e-02
-2.706926002894669771e+06,4.688806328349933960e+06,3.360428967643338721e+06,-8.094785223568644675e-03,2.243247892278983802e+00,-7.257894679656921866e-02
-2.706935244139264803e+06,4.688828441415507346e+06,3.360438134683572687e+06,-4.096808113695713655e-02,2.072027942806344392e+00,-4.402470007652080353e-02
-2.706928077943067066e+06,4.688808413751629181e+06,3.360445468721741345e+06,5.409598997964983058e-02,2.063429699159118336e+00,3.147744047769641257e-02
-2.706927903966351412e+06,4.688810507291515358e+06,3.360440839620794635e+06,2.859736541917154689e-03,1.986331758540340386e+00,-5.495140846173738464e-02
-2.706929682609656360e+06,4.688802695849371143e+06,3.360439470215736423e+06,9.047591050508044588e-03,1.861329390424223407e+00,1.126293671450501743e-01
-2.706930617997010704e+06,4.688801657758232206e+06,3.360433581839845981e+06,2.467679148183740678e-02,1.680190527201369299e+00,3.599620561339855231e-03
-2.706931807214553468e+06,4.688807011690333486e+06,3.360421225120658521e+06,-2.091836792006724483e-02,1.589805902558762307e+00,-9.943892650872733496e-02
-2.706926081664458383e+06,4.688806273869941942e+06,3.360443248871518765e+06,4.662513764406519406e-02,1.574165079419279634e+00,4.897275922375866203e-02
-2.706921118098123930e+06,4.688811947705918923e+06,3.360433560358958319e+06,1.131247032032852290e-01,1.464955169093965726e+00,2.379775254495314699e-02
-2.706933072580958251e+06,4.688807972544545308e+06,3.360426153614520561e+06,8.911597068913856834e-02,1.271693346050374096e+00,1.675060204180964588e-02
-2.706928355693650898e+06,4.688814431122790091e+06,3.360431460726792458e+06,9.494080076805883062e-02,1.255655729173422941e+00,-8.306333081413021235e-02
-2.706931621533970814e+06,4.688806012132253498e+06,3.360431853337161243e+06,-5.771482081492643884e-02,1.079873362538576576e+00,-7.310089375784578625e-02
-2.706933285015777219e+06,4.688811722212736495e+06,3.360419444753855001e+06,-6.433064238425163783e-02,1.010733176332085259e+00,-1.134536584969752931e-01
-2.706932092384423595e+06,4.688805823080452159e+06,3.360427182269509416e+06,-5.460171603941330054e-02,9.920002155533426125e-01,-5.644133406344992165e-02
-2.706943422977024224e+06,4.688804297151152976e+06,3.360429705008792225e+06,4.394399786227050353e-02,8.123988742899516113e-01,3.116905812023106070e-02
-2.706932192148056347e+06,4.688810467235302553e+06,3.360433845155430958e+06,-7.461676039861259158e-02,6.976112563828640312e-01,-9.137547954572559916e-02
-2.706933100984836463e+06,4.688812472997785546e+06,3.360417398126858752e+06,-7.298179228227777426e-02,6.400795713243081497e-01,3.800934459131663501e-02
-2.706936823737979867e+06,4.688812151524943300e+06,3.360438795149730053e+06,-3.138599974258882153e-02,5.138883862474321607e-01,-5.712417050104608152e-02
-2.706920864320824854e+06,4.688816988578108139e+06,3.360430587907928973e+06,2.339310183173767474e-02,4.260172929576143130e-01,-6.580892490403460193e-02
-2.706934473005818669e+06,4.688812161383279599e+06,3.360440925931756385e+06,-5.905766733346357045e-02,2.687818558235389177e-01,2.250708513032136874e-03
-2.706933801449538209e+06,4.688806662022507749e+06,3.360431038781949319e+06,-8.204536454532801448e-02,2.616180324746557040e-01,-1.155600140406583438e-02
-2.706922761723695789e+06,4.688814860945679247e+06,3.360427399231304880e+06,-8.985125001105855047e-03,8.370635482757735057e-02,2.664401111575747175e-02
-2.706941095061705913e+06,4.688815832942334935e+06,3.360438673225821462e+06,7.945267784072512773e-02,-3.949129525880595848e-02,2.434911935442916897e-02
-2.706924593028247356e+06,4.688807283480654471e+06,3.360433320387484040e+06,-9.316308372726513423e-03,1.581422765917205042e-02,-7.008180386474754942e-02
-2.706925317196763121e+06,4.688813524093528278e+06,3.360435269120668061e+06,7.850377763408616927e-02,6.133959350245565129e-02,-2.374582621894330559e-01
-2.706928364420131780e+06,4.688817630213314667e+06,3.360432663330098614e+06,4.405258030125859536e-02,-1.964792327947753083e-03,-2.731703171476781988e-01
-2.706925899509471375e+06,4.688816968290616758e+06,3.360437143335546833e+06,1.296523896524083390e-02,-5.191419789124356726e-02,-3.971981338865378519e-01
-2.706931903915103525e+06,4.688811105519557372e+06,3.360443288556088693e+06,-7.501356586730152654e-02,-1.237874749016266707e-01,-4.543655587738100743e-01
-2.706922555930455681e+06,4.688805331410165876e+06,3.360428879164377693e+06,5.037051679878062210e-02,4.483622147905010069e-02,-5.806508188877481658e-01
-2.706926674208870158e+06,4.688809622850331478e+06,3.360426645620609634e+06,2.631805573306904636e-02,1.526956617332160537e-03,-6.351974147361688638e-01
-2.706928482810438145e+06,4.688797658946043812e+06,3.360422785954013932e+06,1.169605035541550486e-01,7.329770888824624353e-02,-7.809584541219286580e-01
-2.706921917433141731e+06,4.688810993599887006e+06,3.360423991294551641e+06,-3.749222098013062915e-02,-2.884000459542471195e-02,-8.649498541457666390e-01
-2.706925042147385422e+06,4.688809667290036567e+06,3.360434679121196736e+06,-5.205711604505152551e-03,-4.349481519583481282e-02,-8.947710202824367132e-01
-2.706933984104917385e+06,4.688824704318413511e+06,3.360452063889461569e+06,-5.779439107354003222e-03,1.069797174152404412e-01,-1.087514388524536857e+00
-2.706918650668132585e+06,4.688805748453126289e+06,3.360419288172594272e+06,-5.102816201698463783e-02,-2.757329803160148488e-02,-1.119511357136363072e+00
-2.706929166744938586e+06,4.688814832473061047e+06,3.360440088760620449e+06,3.850233907545902445e-02,-8.084132084667948470e-02,-1.206470053569201228e+00
-2.706936317256218288e+06,4.688809988220367581e+06,3.360436655377340503e+06,-7.939222893567471351e-02,9.321173721426076475e-02,-1.318141403894178554e+00
-2.706920370683803223e+06,4.688810637007895857e+06,3.360426301625733264e+06,-2.381270554110742968e-03,6.927533892241798108e-02,-1.503658518635450303e+00
-2.706926558528877329e+06,4.688814738718038425e+06,3.360436690785514656e+06,-1.054498419388835428e-01,-2.877555409820900176e-02,-1.537940198346941623e+00
-2.706931420842261519e+06,4.688802331196865998e+06,3.360415533720896579e+06,-6.771619266380310420e-02,-2.540020267837959228e-02,-1.680512732347241744e+00
-2.706931789996206760e+06,4.688806568416647613e+06,3.360438877785191871e+06,9.521384346533847548e-03,1.722575710865535334e-02,-1.691158238221537546e+00
-2.706934773008462042e+06,4.688821866302114911e+06,3.360433214678470511e+06,-2.885142052226763107e-02,7.955013900140278649e-02,-1.886373962234075385e+00
-2.706925478479313198e+06,4.688812321484034881e+06,3.360430306131577585e+06,-6.164125309741416703e-02,6.757737860268707430e-02,-2.011062969223468944e+00
-2.706935520652828272e+06,4.688805952844297513e+06,3.360424334498592187e+06,-3.810699524455947451e-02,-2.442116936952288403e-02,-2.154311649619889746e+00
-2.706928664532779716e+06,4.688810066263661720e+06,3.360432728444405366e+06,-8.501001358241139227e-02,9.348874436606177674e-02,-2.109088277715065907e+00
-2.706924260615786538e+06,4.688810323776315898e+06,3.360429326069032308e+06,-6.717333749399416465e-02,5.801342966386700134e-02,-2.238792040358502433e+00
-2.706933847322063986e+06,4.688815365496172570e+06,3.360434152025360614e+06,2.288487717671467900e-02,-8.464547038145264768e-02,-2.367647859092615548e+00
-2.706924537432579324e+06,4.688808572965620086e+06,3.360420432275786065e+06,5.093870852654075465e-02,4.440511333832730667e-02,-2.458359971817090095e+00
-2.706919845555179752e+06,4.688801271409280598e+06,3.360432954197009560e+06,-5.332437084892997087e-02,-2.581602122615410388e-02,-2.576987982793121912e+00
-2.706929485149335582e+06,4.688817341039757244e+06,3.360426773709462024e+06,-7.722365066941239142e-02,6.942984009200026119e-02,-2.620316782688914881e+00
-2.706927854364006314e+06,4.688810652784646489e+06,3.360417190954633988e+06,5.591262042146505351e-02,7.278769497590480142e-03,-2.793208253699288601e+00
-2.706929766799855512e+06,4.688805124559567310e+06,3.360437134661524091e+06,2.621553172959008651e-02,-3.346451783629733612e-02,-2.845754751673807981e+00
-2.706935367694284301e+06,4.688817094297939911e+06,3.360426258185219020e+06,2.552064854579564473e-02,-7.323524822655008704e-02,-3.038312369610122410e+00
-2.706937673080695793e+06,4.688812079107386060e+06,3.360413670910813846e+06,2.791555694434485688e-02,-5.488796887198319624e-02,-3.000070387764764313e+00
-2.706924721534473356e+06,4.688814590720855631e+06,3.360426717170222662e+06,4.827359142169022899e-02,6.193476252639005392e-02,-3.070068980256074109e+00
-2.706926142226327676e+06,4.688814056547839195e+06,3.360422472250204533e+06,4.529244291766751362e-02,-5.087947913132456583e-03,-3.266372607437912468e+00
-2.706921499956837390e+06,4.688815149457035586e+06,3.360423716728454921e+06,1.999092898910366772e-03,-8.712228265414861950e-02,-3.341349412340767877e+00
-2.706936307217445225e+06,4.688817790318756364e+06,3.360426776863718871e+06,-7.947707759589803245e-02,4.284514426225786293e-02,-3.433005723040031487e+00
-2.706919082853567787e+06,4.688810703329779208e+06,3.360407514224535786e+06,4.384964009508547644e-02,4.318157021381355265e-02,-3.584086628520022799e+00
-2.706938548385098577e+06,4.688813906592399813e+06,3.360416710443013348e+06,-9.204475766616426746e-02,4.047067884321599307e-02,-3.687909654632155032e+00
-2.706934004620778840e+06,4.688806137337476015e+06,3.360426394236372784e+06,-4.601620485076535205e-02,6.646808018797355222e-02,-3.753619258069578635e+00
-2.706928341659937054e+06,4.688808193502285518e+06,3.360425610089401249e+06,-7.226596179593627878e-02,-1.108403106715288439e-01,-3.830715753101684218e+00
-2.706930842094925232e+06,4.688811183261083439e+06,3.360419035046388395e+06,-8.768190038578572987e-03,2.465874963240129170e-02,-3.962402772978037557e+00
-2.706929519953023642e+06,4.688815403507788666e+06,3.360434487630433869e+06,-2.151049688208491253e-02,-1.191960700823191562e-02,-4.042570812885647236e+00
-2.706926691375339869e+06,4.688813713791569695e+06,3.360428366244368255e+06,-3.172319443421952462e-02,1.277333101698072994e-02,-4.212905323154276793e+00
-2.706930587947808206e+06,4.688816952339647338e+06,3.360410068189665675e+06,-2.377388921590967152e-02,-5.427966121091333529e-02,-4.226964732069304453e+00
-2.706930502676818985e+06,4.688812654161378741e+06,3.360426631008839700e+06,-3.683378365223802242e-02,2.675353446936376209e-02,-4.365436019521227173e+00
-2.706929455299623311e+06,4.688814851752256043e+06,3.360424964560962748e+06,1.567390445819650743e-02,4.129040893145405344e-02,-4.486462678739487231e+00
-2.706937303615847602e+06,4.688803788780871779e+06,3.360415727604584303e+06,5.313743737317976751e-02,4.457079076046126936e-02,-4.613579198218795696e+00
-2.706923036355702672e+06,4.688818397535250522e+06,3.360422940293518826e+06,1.001205594792637932e-01,2.373478206880413888e-02,-4.702641450123156375e+00
-2.706929802920158487e+06,4.688801750762562267e+06,3.360423288081848063e+06,3.596740197433075797e-02,2.106490869472286628e-03,-4.732166745541443120e+00
-2.706924226938497275e+06,4.688820946007892489e+06,3.360425145234357100e+06,-1.870216893725980614e-02,-4.036339310648702494e-02,-4.770537087986721048e+00
-2.706935795614103321e+06,4.688814874289628118e+06,3.360420722563966643e+06,5.487542414028721144e-02,-8.148421804382782740e-02,-4.863057937113377527e+00
-2.706937960221866611e+06,4.688816136516506784e+06,3.360415138450508472e+06,-8.228610797408622557e-02,3.561363327900794046e-02,-4.952162880122142674e+00
-2.706924322665104177e+06,4.688814038437692448e+06,3.360426274019388482e+06,2.195230863168742483e-02,-1.707742783318132521e-02,-5.151776930416343880e+00
-2.706929686266588047e+06,4.688808763667593710e+06,3.360412677524020895e+06,-2.437093803050643936e-02,-6.175517658855878000e-02,-5.263287885204563921e+00
-2.706928691410207190e+06,4.688810401517866179e+06,3.360403380147458054e+06,5.278298770997208456e-02,2.645944796609500660e-02,-5.353977298711461330e+00
-2.706935889966285788e+06,4.688813951435791329e+06,3.360427039513129741e+06,8.631089108861340897e-02,1.984703557249607384e-02,-5.470822941151313401e+00
-2.706928839326856658e+06,4.688814219940630719e+06,3.360415453911612742e+06,-1.162642506764972883e-02,5.228624292648637040e-02,-5.529485609074672681e+00
-2.706930436307466589e+06,4.688806418848618865e+06,3.360408644771355204e+06,4.337821664180750714e-02,-1.870080773379909468e-03,-5.690778977818852447e+00
-2.706930119158951566e+06,4.688807505144748837e+06,3.360413030098331627e+06,6.316549700746150464e-02,1.699641950881270944e-02,-5.729744896821518552e+00
-2.706920208135138731e+06,4.688808481230102479e+06,3.360412364167084452e+06,1.105667126571260352e-02,6.426760270343190307e-02,-5.830568558346941543e+00
-2.706929988226112910e+06,4.688812762395015918e+06,3.360418062860249542e+06,3.929718787363351007e-02,-5.123702857284493511e-02,-5.923999928158964146e+00
-2.706924922558140941e+06,4.688805995288330130e+06,3.360415705036869738e+06,7.625311449213957767e-03,-2.019302273824763049e-04,-6.063109992859736508e+00
-2.706924352920280304e+06,4.688814696626442485e+06,3.360400823646553792e+06,6.675095147543902430e-02,-3.708286638838267923e-02,-6.131303301216942003e+00
-2.706929854669705499e+06,4.688815144923591986e+06,3.360428513001086190e+06,-4.425892446105713501e-02,-4.335484370500914536e-02,-6.269885299140540269e+00
-2.706934181790379342e+06,4.688814747104194947e+06,3.360402489527758677e+06,4.301917833812342329e-02,-8.642418065859632653e-03,-6.304256813240612267e+00
-2.706927953126187902e+06,4.688811578867482021e+06,3.360410237542117015e+06,1.410195201343122234e-02,1.850737885118139067e-02,-6.432011285175353699e+00
-2.706927135592826642e+06,4.688813071515200660e+06,3.360411115124580916e+06,-1.787082069351477939e-02,1.800057964838747138e-02,-6.505795178049939231e+00
-2.706934626303739380e+06,4.688823837510922924e+06,3.360414665446260944e+06,3.191722451302048819e-02,-6.960696503971290638e-02,-6.668288169135569987e+00
-2.706923533227745444e+06,4.688811327254400589e+06,3.360412656766934320e+06,1.048313579388740827e-02,-4.396985625509239326e-02,-6.765350222457175100e+00
-2.706919937209996860e+06,4.688806733593652956e+06,3.360411853502203245e+06,1.723471583401699897e-02,-5.498071064125942264e-02,-6.827113875842861113e+00
-2.706927865393826272e+06,4.688808365497148596e+06,3.360416646237689536e+06,8.001752673174650221e-02,-9.013097038066712405e-03,-7.066729062178544574e+00
-2.706932969365320634e+06,4.688808783195333555e+06,3.360413476038814522e+06,6.660715567633095080e-02,-3.844857271663826986e-02,-7.080699460117565458e+00
-2.706925672966291662e+06,4.688806033032933250e+06,3.360404742215776816e+06,-6.023188621799148434e-02,1.900419342605809414e-02,-7.206383880833350020e+00
-2.706934906709394883e+06,4.688816410772341304e+06,3.360396219701506197e+06,3.645675617587489092e-02,-2.769224655237816426e-02,-7.261903741914920829e+00
-2.706926901872847229e+06,4.688815634425453842e+06,3.360401198904272635e+06,-4.440702199611734624e-02,3.462068424944781536e-02,-7.342637599349597366e+00
-2.706930258742125239e+06,4.688808087877058424e+06,3.360387075875396375e+06,8.664296830488908696e-02,-1.642483096441211404e-02,-7.551796001060880670e+00
-2.706932056126079988e+06,4.688806270141973160e+06,3.360411622665629722e+06,4.401524168277405613e-02,-1.297774192325752002e-02,-7.563863589689943545e+00
-2.706927631981035694e+06,4.688806554133919999e+06,3.360398886523653753e+06,1.694746126524960053e-02,2.337158878253037600e-02,-7.679487011619890779e+00
-2.706920438133956864e+06,4.688818993462758139e+06,3.360407374320553150e+06,-2.907888321301343656e-02,-4.868366915172486764e-02,-7.867707134588771467e+00
-2.706928406091111712e+06,4.688809134834726341e+06,3.360409187194398604e+06,2.676315378557714980e-02,-3.088508786255010543e-03,-7.775329000620963882e+00
-2.706934250204752665e+06,4.688802314900724217e+06,3.360386910980237182e+06,7.052712537626604217e-02,-3.517851861815937675e-02,-7.978796594668267517e+00
-2.706933389108458534e+06,4.688818383338705637e+06,3.360411783071537036e+06,-6.824579009009283659e-02,4.699402260884495003e-02,-8.107266297769809782e+00
-2.706933637143780477e+06,4.688813425129338168e+06,3.360388560594333336e+06,-4.090190033209534226e-02,1.142719359099310383e-02,-8.167622142481597791e+00
-2.706931678298193496e+06,4.688817171891207807e+06,3.360398413576309569e+06,-3.398450128314208646e-02,-2.391914309513542419e-02,-8.346793848571941510e+00
-2.706936047967093531e+06,4.688813980290683918e+06,3.360396328076291364e+06,5.548720714975700213e-02,1.659221123559740177e-02,-8.317403390020041698e+00
-2.706938107971709687e+06,4.688812899987009354e+06,3.360400681009503081e+06,4.899869760282279940e-02,-3.045411908580353266e-02,-8.511646790104144600e+00
-2.706925392559130676e+06,4.688814321900502779e+06,3.360377353369284887e+06,1.199749066244000517e-02,-5.842192561288726133e-02,-8.530160056229986409e+00
-2.706924487590793986e+06,4.688808257621906698e+06,3.360401306335739791e+06,2.527777162631437979e-02,6.469006967959414767e-02,-8.625994342637914869e+00
-2.706928614203104284e+06,4.688814172173770145e+06,3.360377535089484882e+06,-6.093601105382191740e-02,-4.461439721379311524e-02,-8.713150991437011328e+00
-2.706932394954456016e+06,4.688811603746853769e+06,3.360389788412682246e+06,-6.578220652614137631e-02,5.472213979321860489e-02,-8.805750575843608985e+00
-2.706925611460163724e+06,4.688809657966488041e+06,3.360400280265861191e+06,-5.138165276578517994e-03,1.133871057004062072e-02,-9.038354022673505739e+00
-2.706934588414759375e+06,4.688808533226604573e+06,3.360379387142090127e+06,2.697868224792640546e-02,-5.164605847337962186e-02,-8.990459591034118958e+00
-2.706932517612479161e+06,4.688807909632014111e+06,3.360387678329109214e+06,2.122758738177630417e-02,3.897818886079650047e-02,-9.142937253107710660e+00
-2.706928789729075972e+06,4.688815556253946386e+06,3.360392714367336128e+06,6.885492627084076334e-02,-4.336727996909049698e-02,-9.289197631369855657e+00
-2.706926354162863456e+06,4.688818343884264119e+06,3.360384141639894806e+06,6.288897842714777364e-02,4.388635413008902530e-02,-9.366298128404077161e+00
-2.706930724644886330e+06,4.688801215231905691e+06,3.360400376706441399e+06,-3.202125323764288406e-02,-3.284572186588785581e-02,-9.455606817289275767e+00
-2.706936128047250677e+06,4.688807694600269198e+06,3.360378044852143619e+06,1.244414811083858902e-01,3.764397261232046987e-02,-9.547014156084790315e+00
-2.706927262237294577e+06,4.688813389919670299e+06,3.360386129170388915e+06,1.352828345776912133e-04,-1.892021032152736704e-02,-9.651811491979639612e+00
-2.706931327392136212e+06,4.688805002349779010e+06,3.360376661405720748e+06,9.376110338898072105e-02,-1.235376720512897097e-02,-9.767571959643056800e+00
-2.706931611160584725e+06,4.688808330375374295e+06,3.360384795536782127e+06,5.901110437884229953e-03,8.303341245238314572e-02,-9.858917347173582257e+00
-2.706926502121992409e+06,4.688808341261369176e+06,3.360384147046141326e+06,6.210796832446804916e-02,-4.232474433061419322e-02,-9.891602649544354975e+00
-2.706926665344942827e+06,4.688808071580234915e+06,3.360380306233947631e+06,4.435670251404692788e-02,8.178171462887190435e-02,-9.902182919807662742e+00
-2.706938220290046185e+06,4.688813923675687984e+06,3.360373948494818062e+06,1.283874946086255124e-02,2.157328477019621743e-02,-9.837687362057852880e+00
-2.706929935093249194e+06,4.688814289836363867e+06,3.360384874900935683e+06,2.522536543764659911e-02,2.548437726824400243e-02,-9.779948977982435565e+00
-2.706926417264107615e+06,4.688810197965025902e+06,3.360384423790768255e+06,6.855397626657462953e-03,1.301065752342348870e-02,-9.692446866776679215e+00
-2.706934497171979863e+06,4.688811488855613396e+06,3.360376655593154952e+06,2.286054180580902179e-02,-1.587915840002686665e-02,-9.520376496754487050e+00
-2.706929964687763713e+06,4.688810074363735504e+06,3.360382057909705676e+06,2.767168426308357423e-02,2.336775075882732700e-02,-9.519284612797425993e+00
-2.706933349007190671e+06,4.688809368569977582e+06,3.360376403820854612e+06,1.539862496474952470e-02,-1.398371473520672141e-02,-9.331596170374020005e+00
-2.706927033291202504e+06,4.688811120823014528e+06,3.360381651765367482e+06,5.959073304594264542e-02,8.752451198766554585e-02,-9.221064287792051672e+00
-2.706929290354921017e+06,4.688809518357528374e+06,3.360374964549751487e+06,-7.133610216332669784e-02,4.719866479365676659e-02,-9.227202604175086975e+00
-2.706932661796743050e+06,4.688813544093386270e+06,3.360372276879906654e+06,4.910855475019377386e-02,-9.187438442724867038e-02,-9.016969410538472118e+00
-2.706938234639494214e+06,4.688807399176031351e+06,3.360374077555789612e+06,-2.158236616913851089e-02,1.919489652086121476e-02,-8.840365119464248522e+00
-2.706929850343480706e+06,4.688820009516482241e+06,3.360367936890766025e+06,-1.772090257261022678e-02,-4.264696722508382748e-02,-8.842915744653442545e+00
-2.706936634264630731e+06,4.688816177282488905e+06,3.360368388070558198e+06,6.525263484342037901e-02,-2.182348168783460399e-02,-8.728000332010019235e+00
-2.706929636235705111e+06,4.688811066271363758e+06,3.360373393954734318e+06,-7.483356382993416878e-02,4.938260553994012342e-02,-8.633603205299641203e+00
-2.706930218708630651e+06,4.688809368871177547e+06,3.360367162578496151e+06,2.825903179772426554e-02,-3.619008366973128915e-02,-8.598824255856557741e+00
-2.706933529989329167e+06,4.688809024328491651e+06,3.360366461503584869e+06,-7.522058075865159510e-02,2.846574800724460327e-02,-8.450578156605022428e+00
-2.706925058901178651e+06,4.688808010195840150e+06,3.360365854373743292e+06,-7.541255039017442929e-02,-2.496520607093867528e-02,-8.366048650588327362e+00
-2.706922540397429373e+06,4.688808580965425819e+06,3.360367454647058621e+06,2.800828611494008552e-02,6.455041836641416120e-02,-8.255625805758274538e+00
-2.706925076767692808e+06,4.688806205709229223e+06,3.360373465958390851e+06,-9.756538949550164208e-02,-2.452597600286711334e-03,-8.183765119683565459e+00
-2.706925759859605227e+06,4.688816440471195616e+06,3.360362529393294360e+06,-4.946379003097877737e-03,-5.836682185783217958e-02,-8.013964791991357473e+00
-2.706923658082808834e+06,4.688803821074574254e+06,3.360368809960357379e+06,-2.706077585336296928e-02,1.244412140815522733e-02,-7.996724398069086526e+00
-2.706930014344516676e+06,4.688814981189968064e+06,3.360368769098542631e+06,1.899413123392427322e-02,9.184589443191716607e-02,-7.858906738120214897e+00
-2.706935900611081161e+06,4.688810989938840270e+06,3.360366449999211356e+06,-7.951551088326358485e-02,5.046270853229282288e-02,-7.766126277793648391e+00
-2.706928160000438336e+06,4.688810915212123655e+06,3.360358664009309839e+06,3.177349617829004769e-02,-2.213279684217109994e-02,-7.703252066051557989e+00
-2.706932624490988441e+06,4.688813026729612611e+06,3.360369089182148688e+06,-2.673317792266007020e-02,3.658326289947714388e-02,-7.534476080468293979e+00
-2.706926690947018098e+06,4.688818288289596327e+06,3.360348429803438485e+06,-5.772898337860480483e-02,3.451372615514317066e-02,-7.530429333900718447e+00
-2.706923573346299119e+06,4.688813401268415153e+06,3.360346268684290349e+06,-2.141249418326158453e-03,1.778609644561396363e-02,-7.393561619882795810e+00
-2.706934992143378127e+06,4.688810918771585450e+06,3.360363805750683881e+06,4.283774789479164943e-03,-4.593715060259578875e-02,-7.236207604142530947e+00
-2.706927310942051467e+06,4.688826671836057678e+06,3.360347260933665559e+06,-1.805599748133333848e-02,-1.330297496670498165e-03,-7.209635693474784723e+00
-2.706929654436201788e+06,4.688817472299986519e+06,3.360354875651303679e+06,6.777159249591865886e-02,-3.439987888073493816e-02,-7.065851308135160380e+00
-2.706927522776858881e+06,4.688807171215575188e+06,3.360354730701226741e+06,7.987386624533127089e-02,4.715079037300574233e-02,-6.931042809220229195e+00
-2.706925250141659752e+06,4.688804396228343248e+06,3.360350365033686627e+06,-3.329045284687902340e-02,1.991496891578601464e-02,-6.828923319423775062e+00
-2.706929054857806303e+06,4.688814628052092157e+06,3.360363163123832550e+06,4.161871775130655815e-02,3.152577522072085719e-02,-6.748897682206620452e+00
-2.706930326260160655e+06,4.688815432496540248e+06,3.360356687889266293e+06,2.829596439918263470e-02,7.160445585734136198e-03,-6.705171156440636437e+00
-2.706933061816321686e+06,4.688806571290772408e+06,3.360349008989447262e+06,-2.520352304883539951e-02,-3.473028068675056840e-02,-6.573389259653014349e+00
-2.706931763073894661e+06,4.688811941304545850e+06,3.360353580488120671e+06,-1.533407356835147020e-03,-2.753090448786926769e-02,-6.458099031667176249e+00
-2.706921675506758038e+06,4.688806498815555125e+06,3.360353555531850085e+06,2.653147298866549014e-02,-8.300739086765535069e-02,-6.388233763343563965e+00
-2.706931748364363797e+06,4.688812235528276302e+06,3.360343241883373354e+06,-1.573787711805304732e-02,-7.369864406049118910e-02,-6.320604075213757334e+00
-2.706935513744364493e+06,4.688821408473411575e+06,3.360352494050241075e+06,6.411006892071943741e-02,-2.076554538388003870e-02,-6.034308192401383941e+00
-2.706927531238900498e+06,4.688811562903884798e+06,3.360343519937439356e+06,-8.941837275204386759e-02,-7.415816054757075337e-02,-6.040154759178961719e+00
-2.706933233722746372e+06,4.688823033078800887e+06,3.360343245061755180e+06,3.741729936664681816e-02,3.918714382675264618e-02,-5.932174293146666777e+00
-2.706925170674940571e+06,4.688801006190548651e+06,3.360351831704127137e+06,9.912091161999007569e-03,1.884011449519901182e-02,-5.859111110945718792e+00
-2.706929005319233052e+06,4.688802210060467944e+06,3.360353685974047054e+06,5.482041968755609063e-02,-4.035081575574664403e-02,-5.787390793389674215e+00
-2.706925770361574832e+06,4.688814163350155577e+06,3.360353034204781987e+06,3.609704646157407132e-02,6.583031940593632447e-02,-5.547869793137667038e+00
-2.706941605587629601e+06,4.688803858962424099e+06,3.360359420471630059e+06,5.324517603710895997e-02,2.962393292209099596e-02,-5.507490141741103962e+00
-2.706930591969635803e+06,4.688808889341742732e+06,3.360347730408701114e+06,-6.092828422654181231e-02,7.174864129304735216e-02,-5.389352658475574209e+00
-2.706920854321875609e+06,4.688813510640935041e+06,3.360332508966133464e+06,-1.516903612769251487e-02,5.672544851592059567e-02,-5.316007574457608520e+00
-2.706926977304893080e+06,4.688809528940119781e+06,3.360347721098248381e+06,1.030411602414464146e-02,-1.448937025235711232e-02,-5.209493193728913063e+00
-2.706913550183073618e+06,4.688806873916861601e+06,3.360335995468439534e+06,1.755343566602846073e-02,4.915740053201259063e-02,-5.055367378698278458e+00
-2.706924611630958971e+06,4.688809984710231423e+06,3.360338695904404856e+06,-8.045719231673834071e-02,-1.246185383063960241e-02,-5.169568370730992513e+00
-2.706930398822719697e+06,4.688814256256069057e+06,3.360335716779401526e+06,-1.162357653077551907e-02,-3.948921548297849859e-02,-4.898661613554850192e+00
-2.706941532610864379e+06,4.688821595074288547e+06,3.360335914187971503e+06,3.001807608029871330e-02,-2.543489804030004200e-02,-4.888696343725144722e+00
-2.706936173964998219e+06,4.688816287037003785e+06,3.360343879234115593e+06,3.436183359533868942e-02,1.149010209505136638e-02,-4.796521755963587985e+00
-2.706920687470890116e+06,4.688818498286589980e+06,3.360330028095168527e+06,3.722900381636772005e-02,2.493760208375841655e-02,-4.573974704489012666e+00
-2.706927351076168939e+06,4.688809184047831222e+06,3.360356427081299946e+06,7.386854225685510200e-03,2.014014708794650745e-03,-4.521671909761087349e+00
-2.706930077652726788e+06,4.688811681124240160e+06,3.360331477748283651e+06,-9.677628252257362840e-02,-1.564226038613409503e-03,-4.471761819778275360e+00
-2.706930331772244070e+06,4.688813241443598643e+06,3.360340829462791793e+06,-1.681582502194928219e-01,-6.237455770292924667e-02,-4.290725155563103854e+00
-2.706928408667319454e+06,4.688821295952516608e+06,3.360345478780220728e+06,8.112288871551886701e-03,4.044945754467964977e-02,-4.284782947953387655e+00
-2.706925616883701645e+06,4.688807560543764383e+06,3.360340634949957486e+06,6.138587344170809423e-02,-6.115666102472472332e-02,-4.205373298929143466e+00
-2.706928490288543049e+06,4.688809517595070414e+06,3.360335916635971051e+06,-4.771125884350724961e-02,6.536565181720664641e-02,-4.143805567360439923e+00
-2.706923724031561986e+06,4.688811679346074350e+06,3.360331651663205121e+06,-4.781138278723052332e-02,-1.628768362714902093e-02,-4.049127978681613449e+00
-2.706929217052922584e+06,4.688811627767665312e+06,3.360326583394267596e+06,-2.457124518647648900e-02,-1.536789366170182580e-01,-3.879425442707898686e+00
-2.706933943747390527e+06,4.688804816437322646e+06,3.360338120816643350e+06,-2.138040493794105337e-03,7.941604160871706952e-02,-3.705317615464260417e+00
-2.706928472956458107e+06,4.688814440384563990e+06,3.360331576801076066e+06,-1.270700341957084478e-02,-3.951249139281958617e-02,-3.636753035770130538e+00
-2.706920913040354848e+06,4.688810338041868061e+06,3.360328403250082396e+06,-9.551699712587694013e-02,7.315906345093124707e-03,-3.626107954454370841e+00
-2.706930651975561399e+06,4.688824607658762485e+06,3.360327236484702677e+06,-5.834473181713809714e-02,1.514590534255376604e-03,-3.449212977446549644e+00
-2.706925609074924141e+06,4.688819106619635597e+06,3.360338271659792867e+06,2.923166253686019372e-02,1.440259414118310599e-01,-3.409685012535508264e+00
-2.706922421888444573e+06,4.688807178432017565e+06,3.360345223010248970e+06,6.631957129138264795e-02,2.112533914682942875e-03,-3.297527205581362697e+00
-2.706926690928205382e+06,4.688807426603851840e+06,3.360326704148605000e+06,-1.722342218001671199e-02,8.513698873551434065e-02,-3.171836139779521613e+00
-2.706921664565477520e+06,4.688811174320581369e+06,3.360335362736142706e+06,-3.224506856618312989e-02,-1.698030812693998234e-02,-2.977414582578760349e+00
-2.706925387074247468e+06,4.688809307435356081e+06,3.360345355378596112e+06,3.828155122576653441e-02,-1.119625202194960908e-02,-2.990413623103185703e+00
-2.706922337205824908e+06,4.688817682825780474e+06,3.360333421522640623e+06,-3.622732383050537505e-03,-5.169725811474970567e-03,-2.933208527975146307e+00
-2.706923512289591134e+06,4.688812003977834247e+06,3.360339857771414332e+06,-8.395691214066190733e-02,1.369264671236680719e-02,-2.711489988812788798e+00
-2.706932204832553398e+06,4.688810665814128704e+06,3.360343467035881709e+06,4.364464514204965950e-02,-3.469984981519011469e-02,-2.763871425231831047e+00
-2.706933779315494001e+06,4.688813057972572744e+06,3.360325146629316267e+06,2.513903462271410358e-02,2.449421944957442393e-03,-2.575867669060608822e+00
-2.706921760915622115e+06,4.688807421840044670e+06,3.360316342086778022e+06,-5.498271881642240871e-02,8.592019076851737866e-03,-2.496328852053478098e+00
-2.706929911634579767e+06,4.688813178416653536e+06,3.360337456022954080e+06,-8.110813327541804840e-02,-6.282563303453800319e-02,-2.403485753865806096e+00
-2.706930744430037681e+06,4.688817208289508708e+06,3.360331429898815695e+06,-4.252864292574659588e-02,-2.872059438844686008e-02,-2.243389760258797772e+00
-2.706939994304027874e+06,4.688810990548722446e+06,3.360332174072196241e+06,-2.475786595665166456e-02,-9.516518463290052354e-02,-2.224803518964408866e+00
-2.706932986416290049e+06,4.688819279081467539e+06,3.360328474386417307e+06,-5.261227365290060964e-02,6.423732442351674787e-02,-2.082616868989254133e+00
-2.706929206495801453e+06,4.688809226815848611e+06,3.360328171812075656e+06,3.286087448427221086e-02,-4.704413226797198033e-02,-1.932806806935266408e+00
-2.706928497017913032e+06,4.688808760924560018e+06,3.360318754592209589e+06,3.075576906735638313e-02,-1.475395829916372609e-02,-1.939937853330011563e+00
-2.706930540568164084e+06,4.688817865580497310e+06,3.360340040262050927e+06,-6.900198597406179135e-02,-3.640143135142453329e-02,-1.666701957459409522e+00
-2.706930224810266402e+06,4.688812885757096112e+06,3.360335110135217663e+06,-4.001498491659837703e-02,-8.547086380966945063e-02,-1.674583175351911368e+00
-2.706930285069430247e+06,4.688808052826830186e+06,3.360333445182676427e+06,-9.200617372151582984e-02,4.351674231783331931e-02,-1.507282684762110136e+00
-2.706923695665484760e+06,4.688811579766956158e+06,3.360328742905016989e+06,-6.464563263196590817e-03,1.745853978175447296e-01,-1.447227697137493108e+00
-2.706933379099628422e+06,4.688810719947023317e+06,3.360344427441196050e+06,6.157824142009354906e-02,3.867496849908552692e-02,-1.403259419070461256e+00
-2.706924558163802139e+06,4.688807618018241599e+06,3.360328436520177405e+06,2.060713840682007816e-02,5.334052933660120982e-02,-1.245923970610873566e+00
-2.706927085400297306e+06,4.688811792060238309e+06,3.360336885149916634e+06,8.037029049993106578e-02,-2.146417598769853260e-02,-1.165116053622839765e+00
-2.706921221947283950e+06,4.688804760886945762e+06,3.360339003257643897e+06,9.877438911009296663e-02,6.894378069241209606e-02,-1.025512615869325073e+00
-2.706933868996670470e+06,4.688812655922067352e+06,3.360332300646076910e+06,-2.868226137486214449e-03,-4.845753138672789784e-02,-9.976542869539989367e-01
-2.706926249052886385e+06,4.688811703177252784e+06,3.360343774444503710e+06,-4.032034178309394645e-02,-7.074017834456013121e-02,-9.532628428763119111e-01
-2.706934896971640177e+06,4.688813777221052907e+06,3.360344453157318756e+06,-4.356388121509595368e-02,-1.089030854734452380e-01,-7.674061727060312865e-01
-2.706930296780551318e+06,4.688810202864525840e+06,3.360328090966942254e+06,-2.178390139642837064e-02,-5.869477198926528749e-02,-7.442561132047574857e-01
-2.706922806254577823e+06,4.688822190200323239e+06,3.360333009210760705e+06,-4.379619926523554280e-02,-6.560397335539484842e-02,-5.650485314798846526e-01
-2.706938454970443156e+06,4.688809747472658753e+06,3.360329416385890916e+06,-1.428669017636091665e-02,6.948370218210538768e-03,-4.723666810645342218e-01
-2.706925475435258821e+06,4.688810516212863848e+06,3.360342548167537898e+06,-1.606821426948126449e-02,-6.730996312594062121e-03,-3.592930240939480324e-01
-2.706929016110992525e+06,4.688808182248190045e+06,3.360333676499939058e+06,1.171322836697800823e-01,7.653541806737557129e-02,-1.762207194437385716e-01
-2.706925189851094503e+06,4.688815185160836205e+06,3.360321808842272498e+06,-6.230606810095917075e-02,4.273774956122414030e-03,-1.568913372565308995e-01
-2.706929191654207651e+06,4.688811353063208982e+06,3.360348327883691527e+06,-7.663425716989377690e-02,3.212548133549673196e-02,-5.802329072117808767e-02
-2.706932905248601921e+06,4.688815073841227219e+06,3.360334577124256641e+06,5.582240178201683389e-02,4.791766090080948337e-02,-2.340255662567678613e-02
-2.706926100665320177e+06,4.688819193947421387e+06,3.360328793927592691e+06,-5.065675528758864510e-02,-5.489488032713572135e-02,-4.214954966181408413e-02
-2.706924995600250084e+06,4.688813787326325662e+06,3.360326018607629463e+06,2.777524066097681980e-03,-3.234172554049119519e-02,-2.104809539039260990e-02
-2.706922591237219516e+06,4.688806735595821403e+06,3.360337386833014432e+06,-6.329304693283209493e-02,1.182525792677280169e-01,-3.029499333362507818e-02
-2.706926397500754800e+06,4.688819150588764809e+06,3.360324046920062508e+06,3.304485195906037981e-02,-4.120929659361102781e-02,1.322621049270484607e-02
-2.706927236490257084e+06,4.688814491791804321e+06,3.360338416623270139e+06,-2.542315522748126583e-02,-4.969891915377711022e-02,2.470313140635997662e-02
-2.706939606957444455e+06,4.688814080425927415e+06,3.360334347701387014e+06,-2.168394026876507841e-02,2.927313866342139484e-03,-1.290330166716659871e-02
-2.706926426044542342e+06,4.688811651338526048e+06,3.360330289085872006e+06,-6.510441424183652237e-03,4.448117730366422246e-02,-1.148318683920001269e-02
-2.706926235964865889e+06,4.688812276076720096e+06,3.360327098621638026e+06,2.601890443784306631e-02,-7.279067811073415550e-02,1.313500656851849385e-02
-2.706931909519643988e+06,4.688808469725010917e+06,3.360327871676612645e+06,2.450667710551461195e-02,6.403835851621646202e-02,-2.210281777369623932e-02
-2.706919712032626849e+06,4.688808893608688377e+06,3.360333324280128349e+06,-5.990985568023955710e-02,-3.340366939481472647e-02,-1.408147175966935338e-02
-2.706939027222990524e+06,4.688813109190133400e+06,3.360329104623076972e+06,-5.104773979269176983e-03,-5.572033051066786064e-02,-6.050602209613290677e-02
-2.706931451082888991e+06,4.688807946912506595e+06,3.360322479634228162e+06,-2.408467841672531570e-02,-2.686747226166563696e-02,-2.902245250355285633e-02
-2.706933484763710294e+06,4.688818032679160126e+06,3.360331606118007563e+06,-2.423046789944625912e-02,8.191679338418343670e-02,-3.940414694281363372e-02
-2.706934107447417453e+06,4.688809508324005641e+06,3.360316740412481595e+06,3.622552468271467152e-02,-8.332536462321821213e-02,1.057746757359278450e-02
-2.706931486498052720e+06,4.688807451776891015e+06,3.360321713957082946e+06,-2.038691515905088902e-02,-2.960076450291586336e-02,1.100212382691112822e-01
-2.706930630013569258e+06,4.688817198396708816e+06,3.360323968297531363e+06,-8.015442179833423553e-02,1.281456559371481167e-02,2.593635444585977792e-03
-2.706933310774640646e+06,4.688822518952032551e+06,3.360329971309092827e+06,-1.283666234518128328e-02,4.564672317172092930e-02,7.568098259546232609e-02
-2.706927446174058132e+06,4.688812102789678611e+06,3.360344584775675088e+06,-9.412141587459220415e-02,3.084366942371428999e-02,4.356412139741756145e-02
-2.706927142452948727e+06,4.688809802268799394e+06,3.360338631026048213e+06,1.966020726303347246e-02,2.508428079962695192e-02,1.946877829729879231e-02
-2.706927610377729870e+06,4.688809480717371218e+06,3.360339423303045332e+06,-4.412103474304764766e-02,-2.907347257209796920e-02,-1.226595130971718933e-01
-2.706927347721420694e+06,4.688812791616590694e+06,3.360328184606054798e+06,-1.601306399803039543e-02,4.077510278007329125e-02,-9.001307196018656920e-02
-2.706926600571283139e+06,4.688802965501637198e+06,3.360330527852319181e+06,-1.569611055474802973e-03,5.278224717542519262e-02,6.438583887576393439e-02
-2.706923009133347776e+06,4.688817274440888315e+06,3.360331757679982577e+06,1.515326888252251925e-01,-7.205301542459683619e-04,-7.053421076438473603e-02
-2.706930485132655129e+06,4.688805173547564074e+06,3.360325338656716514e+06,7.522739390239999678e-03,4.419497038537489181e-02,-1.439909267130648485e-02
-2.706936998719064984e+06,4.688811226348171942e+06,3.360337730813580099e+06,-1.077722528608661412e-02,-9.432541767009258726e-02,2.291845835005637197e-02
-2.706934912727208808e+06,4.688812841352957301e+06,3.360324721135228872e+06,-4.363992562898230676e-02,4.780182536656409076e-02,5.042801503976970801e-02
-2.706930545198164880e+06,4.688809985327431932e+06,3.360338818158768117e+06,-6.602393010972344711e-02,1.077983557960598276e-02,-1.525988631184407862e-02
-2.706932870725929271e+06,4.688812558001050726e+06,3.360335108263738453e+06,1.662171403418941790e-02,-5.844050464608518264e-02,8.619740983613370655e-02
-2.706921275677008089e+06,4.688808479348854162e+06,3.360342534375238232e+06,-2.049383086605551657e-02,-2.442119388906379210e-02,-3.877368522874094503e-02
-2.706924179933482781e+06,4.688817274715306237e+06,3.360331128970914986e+06,-1.539389809437708735e-02,-8.155925395943529332e-02,-7.957368035438798504e-02
-2.706924526955234818e+06,4.688818518847178668e+06,3.360324488079716451e+06,4.646978928867601284e-03,2.493027020468175509e-02,1.497562945025919523e-02
-2.706935988717707340e+06,4.688810091711822897e+06,3.360316256065237336e+06,-2.767330342533136020e-02,1.134137198475539121e-02,-8.495698568051287744e-03
-2.706933512163044885e+06,4.688819149107107893e+06,3.360326832657848950e+06,-2.153549094277671435e-03,6.018231803321887757e-02,1.111238577236587808e-03
-2.706938720181980170e+06,4.688819329481176101e+06,3.360332480772311334e+06,2.300901422958745446e-02,-8.927772479114057247e-02,-2.557490854602451069e-02
-2.706929469119005837e+06,4.688812952006256208e+06,3.360329679840960074e+06,1.049185737977587768e-01,-1.213147151774849331e-01,-7.138199693851605965e-02
-2.706923338189848233e+06,4.688812747952102683e+06,3.360322441155595705e+06,-6.726016411622227908e-02,4.822519360881295097e-02,-1.131630433931601898e-02
-2.706933389436351601e+06,4.688819917532823049e+06,3.360333554095158353e+06,1.620792239906174593e-03,-1.234094830052832742e-01,-7.533391237039707700e-02
-2.706938312296587508e+06,4.688821314702013507e+06,3.360329903507027309e+06,3.371828799707586068e-03,4.623837250804262167e-02,-1.308437751832991214e-01
-2.706941083783290815e+06,4.688809290350101888e+06,3.360323770780027378e+06,6.307427145517080502e-02,-7.680226007664162774e-03,-1.482082358632235211e-02
-2.706929497461174149e+06,4.688814733818624169e+06,3.360332579248844180e+06,-3.603117470206931849e-02,1.390100768836504720e-02,-2.694966918836656095e-02
-2.706929534637726378e+06,4.688809195326442830e+06,3.360321244385486469e+06,-3.633941683829722963e-02,2.386890760373508100e-02,-5.145035423906588884e-02
-2.706924619655385613e+06,4.688817274541300721e+06,3.360327309163454920e+06,2.929121265595790655e-02,-3.586897757102085887e-02,-2.197087666763707092e-02
-2.706929593502664939e+06,4.688811807049402036e+06,3.360327879995647352e+06,8.558981291574824235e-02,3.807245303456044394e-02,-6.889392548424247420e-02
-2.706925683781582396e+06,4.688813727044692263e+06,3.360336560386806261e+06,9.656027782753111646e-03,-4.152905263824640224e-03,-4.559683355332877497e-02
-2.706932398876387626e+06,4.688817623991812579e+06,3.360341783789673354e+06,-2.214219740550513876e-02,2.310010048556921172e-02,8.861195095357766267e-04
-2.706920529221675359e+06,4.688814760137134232e+06,3.360322680408865679e+06,-1.255629959481444416e-02,6.577835980801903515e-02,-1.903561990836121973e-02
-2.706932579812087119e+06,4.688812427282092161e+06,3.360323177067747340e+06,-6.592106826318217330e-03,5.932710831247072804e-03,1.035800336574083380e-01
-2.706935046485812869e+06,4.688814752478862181e+06,3.360340377685890533e+06,4.348523071823309424e-03,-2.716701394063114616e-02,5.000748536210519041e-02
-2.706915637316900305e+06,4.688802100266018882e+06,3.360337947843949310e+06,-4.194658445748929848e-02,4.352500734852313147e-02,-3.916087650887999788e-02
-2.706930493375223596e+06,4.688823536824051291e+06,3.360333125661557075e+06,-7.116845032888318053e-03,-5.785210792544758646e-02,-3.203933729997505975e-03
-2.706927196886808146e+06,4.688809667880124412e+06,3.360327362105938140e+06,-3.996622715441039420e-02,1.412865913922279996e-02,-4.083639605148275259e-02
-2.706933107200941071e+06,4.688820306051271036e+06,3.360326655286950991e+06,1.588711464964299991e-02,-5.270630110728713458e-02,-9.391594012154255711e-02
-2.706936835785910022e+06,4.688812519358508289e+06,3.360335335362822283e+06,-2.682059525395548774e-02,-2.899383681499268645e-02,-2.237189520688561382e-03
-2.706931065749370959e+06,4.688810459702015854e+06,3.360330495347285178e+06,-2.271677464520429832e-02,-5.046771759337897317e-02,1.084827643300376732e-01
-2.706933505606428254e+06,4.688807014552981593e+06,3.360335796408726368e+06,1.775243693974578457e-02,8.571555220625123872e-03,-5.095267833539690594e-02
-2.706938829036755953e+06,4.688811072622346692e+06,3.360328742819034029e+06,-3.094079221430909299e-02,-3.344824308562989457e-02,4.349431627437536085e-02
-2.706930774444959126e+06,4.688819015617797151e+06,3.360324376868120860e+06,6.459813961646283451e-04,1.156357113507401266e-02,5.594479445478947599e-02
-2.706923150030957069e+06,4.688817251696101390e+06,3.360340240008202381e+06,-4.605193415767214193e-02,8.240513634259382519e-03,4.747399592329137885e-02
-2.706927609192529228e+06,4.688811910979826935e+06,3.360329620185395703e+06,-1.065445771615322612e-02,4.972750883922462395e-02,1.649012409784512620e-02
-2.706925094817830715e+06,4.688806823814962059e+06,3.360331785640390590e+06,2.906394724669122617e-02,4.307126379020010526e-02,6.903972929286193716e-02
-2.706933917721001897e+06,4.688805999309009872e+06,3.360339304092483595e+06,1.371666353281995702e-02,1.766746239908679669e-02,1.763028727293240727e-02
-2.706926027284872252e+06,4.688812237709628418e+06,3.360327916118110996e+06,-6.886548681055655596e-02,-2.584715652447907783e-02,-5.085546176615057812e-02
-2.706926718070373405e+06,4.688817487491106614e+06,3.360326489324765746e+06,-1.130151003223292192e-02,-5.653313247395283514e-02,-2.884720090141193113e-02
-2.706919757058289833e+06,4.688801781089604832e+06,3.360327715592517052e+06,-5.283282327299904102e-02,3.226975335125416289e-02,1.641429433392231629e-02
-2.706937140071523841e+06,4.688815865707998164e+06,3.360327108428947628e+06,-2.675719169577830958e-02,2.880496468749657243e-02,6.904783085956549271e-02
-2.706926646892503835e+06,4.688810419310865924e+06,3.360342258718904573e+06,-1.808034996575879835e-02,-3.499182821104571822e-02,-1.341450038156576964e-02
-2.706923508282758296e+06,4.688810152238764800e+06,3.360318629140517209e+06,-3.986879438106231271e-02,-5.586883565770983662e-02,-7.831902403784608141e-03
-2.706929040121583734e+06,4.688813897414374165e+06,3.360332145521181636e+06,-1.074088454669560599e-01,-7.189963544022895912e-03,-1.710705838013606983e-02
-2.706934196004052646e+06,4.688812663741772994e+06,3.360337383221324999e+06,-2.855760593621886265e-02,1.246664881170204617e-02,3.069456439725365415e-02
-2.706932320370052941e+06,4.688806116061278619e+06,3.360333048514910042e+06,-7.545039625505939318e-02,1.269657465569088983e-01,-1.077511422571708621e-02
-2.706921978003879078e+06,4.688805793972843327e+06,3.360336083829630632e+06,-6.609157211816574229e-02,-1.027622023370758884e-02,-8.505308025828416107e-02
-2.706924835856686346e+06,4.688815872248723172e+06,3.360332761726895813e+06,1.016489890197683731e-02,-6.713842054977021967e-02,1.046719410418189139e-02
-2.706925662791227922e+06,4.688811895631082356e+06,3.360338857173937839e+06,1.706538679612743664e-02,4.305870591491683247e-02,-5.112788582232128537e-02
-2.706929670124892145e+06,4.688812103075849824e+06,3.360333793908733409e+06,1.689173034903425005e-02,9.360670602853541147e-03,9.693977576554511921e-03
-2.706920338409316260e+06,4.688811338244269602e+06,3.360320859483657870e+06,3.884048557557546327e-02,8.797048943474798308e-03,-3.755959689488384129e-02
-2.706934466368022840e+06,4.688812261342532933e+06,3.360321535662484821e+06,1.037876818308354765e-01,2.399277790207830427e-02,-4.311802270193665354e-02
-2.706931574504092801e+06,4.688809427103398368e+06,3.360322145867730957e+06,-4.340372717831698056e-03,1.096800325112523566e-01,-1.049646350533362969e-03
-2.706930815399067942e+06,4.688811472944885492e+06,3.360329073971783742e+06,9.040053520278113278e-03,-9.220822628257324682e-03,-1.684955756528054571e-02
-2.706930337902698666e+06,4.688819050891569816e+06,3.360336434394536540e+06,5.150372450723527534e-02,-1.811259172164799910e-02,-3.517732844245557988e-02
-2.706928075171154458e+06,4.688813541370082647e+06,3.360330509703053627e+06,-7.750508010761245070e-02,3.436156602012845757e-02,4.540610258626681661e-02
-2.706924922486267984e+06,4.688813540910680778e+06,3.360347242632042151e+06,5.664966177004674558e-02,-5.681918026821095903e-03,3.018379428222571492e-02
-2.706937169703103136e+06,4.688816554044158198e+06,3.360333492552978918e+06,-1.249175018495354145e-02,-8.331134436847239394e-03,-5.921395202978815830e-02
-2.706926935319385491e+06,4.688808364675841294e+06,3.360333475648040883e+06,-3.811867167578184695e-02,1.171611451445240572e-02,1.725876666633735512e-02
-2.706935870367466472e+06,4.688810845487517305e+06,3.360338821435852442e+06,-5.904890438264714762e-03,-7.170231167395135947e-03,4.570971023639422946e-03
-2.706928296239761170e+06,4.688811731617180631e+06,3.360326575979738962e+06,-1.806009059932230099e-02,-3.737585049981298480e-02,-3.343296686161910392e-02
-2.706931858819965739e+06,4.688816447615296580e+06,3.360341918818955310e+06,4.807374476891794826e-03,7.404989448045197487e-02,-8.048398599189483804e-02
-2.706931925692998804e+06,4.688809225063383579e+06,3.360322129973245785e+06,9.928068738440448682e-02,-5.579550912480440994e-03,-3.546841529910314209e-03
-2.706936394034865312e+06,4.688817141213927418e+06,3.360331727599946316e+06,-1.352410632360658699e-02,4.996956764280774399e-02,2.325235671804272083e-02
-2.706930911551408935e+06,4.688813329589476809e+06,3.360336303875577636e+06,4.051881150098047418e-02,3.633982283773262711e-02,-5.310433504711790237e-02
-2.706921907434984576e+06,4.688812010971670970e+06,3.360330784275386948e+06,4.273247296620005797e-02,-5.030374423315658872e-02,3.801068978947590160e-02
-2.706932356670716312e+06,4.688813343852615915e+06,3.360333897324858233e+06,3.636931365595835047e-02,-4.669349803018754512e-03,7.312907869744252054e-02
-2.706931336489658337e+06,4.688803490378520451e+06,3.360349651346699335e+06,8.510290761921922298e-02,-8.727166895759495835e-02,-1.297416480667760823e-02
-2.706935914823255967e+06,4.688812198256160133e+06,3.360333246997626964e+06,2.723450921871846397e-02,2.530916786367438248e-02,-1.952254214405484134e-02
-2.706936915296059102e+06,4.688812711149459705e+06,3.360331208101198543e+06,3.974751056134834953e-02,4.075109410086484585e-02,-4.837611058662139724e-03
-2.706925296811276581e+06,4.688806613713064231e+06,3.360337475822316948e+06,5.174086232599459795e-02,2.918010209556628001e-02,-1.968459624599652041e-02
-2.706937377126900014e+06,4.688814503599496558e+06,3.360324473460351583e+06,2.205122171623100785e-02,6.797847998559575222e-02,6.634744216320775934e-02
-2.706927731820886489e+06,4.688814320555505343e+06,3.360327418594291899e+06,-5.088551110240806946e-02,-1.531880337951931070e-02,-6.181939838900386841e-02
-2.706925967140775640e+06,4.688803877892519347e+06,3.360338646075366996e+06,5.970323122438190265e-03,-2.669151801421323564e-02,1.550280607252194943e-02
-2.706928046080576722e+06,4.688811718748964369e+06,3.360337097188346088e+06,-8.106741617165598435e-02,2.295634510413241750e-02,7.702720077923917719e-02
