doppler_1,doppler_2,doppler_3,doppler_4,doppler_5,doppler_6,doppler_7,doppler_8
-12.636976664564086,1416.9775409500705,1998.020489463471,1403.0978740433561,12.82105812938892,-1406.8918698900068,-2002.6614968643037,-1419.7429554536432
10.240825586368391,1427.1866694379332,2006.1260984904593,1411.4217191475657,-1.1717611624169804,-1408.8506331616477,-1999.2225547821927,-1402.6714032920895
16.46545479996386,1425.1900800334763,2003.6630952155558,1419.2850056520565,-6.158280869120447,-1411.3135005833662,-1992.808882656424,-1429.8147562341971
23.033597885151046,1414.122638360669,2015.6190254786945,1422.6816794328768,13.149822731741061,-1394.417405066738,-1972.7340275417707,-1402.0098453731962
5.680316287824461,1427.4114555047884,2020.9497356361837,1431.1269609502801,20.023467261717443,-1402.6846900287774,-1988.8717416864163,-1397.635678242091
11.223040887200955,1446.4455788409928,1996.4498016711866,1411.3513318209732,22.075494670354807,-1387.4292415193613,-1982.123683877501,-1393.6409149025287
32.97046248354424,1437.9048762767875,2017.7304158142692,1428.7617433578087,27.237914100781968,-1400.7621973664588,-1959.7305821005937,-1393.0704560347149
7.2116573992110595,1418.7716203053872,1990.0016029076087,1435.7944823599541,-8.100664564162042,-1384.5861478799316,-1976.1201253769477,-1399.1407011122335
27.187268189297136,1436.5463127661687,2010.231863061415,1415.8291503645294,25.311117597976644,-1387.212078989691,-1980.8245073834241,-1392.4402163360921
34.754169991613416,1445.23529612433,2036.2787418864211,1438.969018179777,19.990843884205443,-1399.6041283687641,-1982.6699940451954,-1374.0459788226635
27.053772624340837,1434.693425587096,2029.5751417372735,1449.949322970588,36.997968482109556,-1397.3456593358667,-1959.7252424324404,-1379.3260021367873
56.971676771538334,1447.0370372786158,2034.0302526952512,1438.0354906657342,44.33995164301333,-1367.4666281347731,-1973.6554835701768,-1365.3877931592847
37.0766128492532,1460.3431138400788,2024.9775011827298,1442.9054929838621,35.3503833188562,-1374.1687455613207,-1947.464456480637,-1367.8505914371315
30.365365584582367,1450.9107888562778,2052.3618553940287,1458.344380561061,27.0863773287015,-1372.3277259361046,-1951.606643125681,-1360.7137745590394
32.56793974797281,1474.4069531757941,2052.469116135616,1469.4550667529716,39.00783846336987,-1375.711120511982,-1963.6529631369087,-1376.847376846279
63.19564415909645,1460.4504968789129,2040.7012907550607,1465.8578698340511,23.870566878435994,-1368.444409505728,-1958.7678057478167,-1372.5043373213614
53.849843128224464,1454.8444349850636,2058.962921879904,1456.5018137150448,42.26795817691098,-1389.089011773304,-1943.959068622384,-1359.6745931505063
48.91127490633493,1451.3676219354243,2052.011987163464,1463.5612452774405,42.325355515927995,-1384.0810271825287,-1940.3051502323108,-1377.8225881191647
59.21906090595982,1470.1617650363041,2054.3929951121777,1489.2915614689211,57.565047902785686,-1372.6385141855724,-1931.7442424059827,-1371.1333443512226
49.99333857426601,1477.8397285200028,2070.3277340491586,1466.512109968031,68.27280318748083,-1356.041144522404,-1965.2519768411764,-1377.796236235396
57.321267635684364,1480.8482577751356,2067.572199553406,1486.8526114939145,50.23548652312206,-1344.2994363987589,-1918.0374844207513,-1348.3886713580268
64.31396217618871,1490.5391805791928,2067.5105935139873,1476.4524327606684,62.20836473053172,-1347.8347369964836,-1923.6358771199477,-1351.384009317071
69.76209623237398,1479.5019967056596,2046.2677926311992,1479.8787386872814,78.25621926557871,-1354.9670752879426,-1931.703136284147,-1333.9905593253516
66.73253699060848,1486.590168777145,2083.797544692567,1484.5705279799197,76.8057516944162,-1342.076986627753,-1918.8016697291318,-1330.8480303186793
84.66562451253783,1495.584179425051,2065.6434191308813,1508.9204847160634,65.7152460007649,-1342.6376226494,-1936.232597387767,-1341.2285217240026
75.0088669442718,1494.410733185482,2082.0364615976428,1494.297877424809,78.77619389302693,-1311.753015028478,-1936.9666918626438,-1333.311380710182
71.37695026482997,1470.2097791064484,2074.72501060926,1502.3450322965537,73.11656485354013,-1334.6131834812402,-1912.7809135766513,-1343.6194060184566
83.77626063871196,1516.2152456278984,2079.6761380613807,1483.0755694920672,77.57334214475986,-1339.6967133730889,-1918.4373990841748,-1329.3191911621443
74.94347611512447,1509.7055770129261,2075.847503165489,1504.812953798508,83.28501682839037,-1337.7667237887467,-1919.9829903465418,-1338.9699298569428
108.2339113828165,1508.3418954425244,2074.039765068646,1500.6345695870202,95.1688006097223,-1312.5027850410058,-1889.6489743108314,-1334.0782143735769
70.8497063715512,1512.314265995113,2108.7364216695623,1507.1021023358226,85.05772977441474,-1338.8482759958663,-1910.463124581187,-1334.8379855106634
79.05259748775148,1515.162830990501,2094.551051091612,1520.116368774871,79.06025195463735,-1321.5994053569054,-1889.2033357122862,-1310.2863109175516
109.01181426995755,1518.1949043491438,2102.157216151254,1521.9531299816638,108.46571562460574,-1311.728618171535,-1899.7498595380912,-1338.2208516666135
95.09615048165554,1501.4455727471966,2105.341495573,1522.333786505401,95.18368457279868,-1308.8242262844797,-1909.0515268580186,-1317.2171713948585
85.45444510966212,1522.6415812068024,2101.227334616468,1518.1424834691109,99.50492354736413,-1303.7738209012082,-1891.1703775403398,-1311.1031749177334
118.14787145832585,1523.579642847102,2123.478298126074,1509.0754158580187,92.73296272592083,-1294.1998325330846,-1882.3658973647339,-1293.6721266520221
114.83943883051715,1540.1468388638018,2098.981573752809,1515.7290820193143,113.75285210167885,-1307.137727046822,-1889.9027480619884,-1302.3144581564645
117.38081103282906,1516.0990219841044,2120.8765947568827,1555.949670123993,108.9420532817523,-1281.2083575348854,-1899.3268966297576,-1296.8454446031262
115.08172699997698,1528.2802551943082,2111.5425253819617,1522.7649881198042,130.20313459458987,-1288.4190036959876,-1901.975503288022,-1290.3789488315565
114.71978911468945,1544.6867431981707,2113.4548373984117,1538.8787374562419,121.87752789234179,-1323.7865447991642,-1868.8017047376682,-1297.285296984151
111.04167035786469,1526.2622301362135,2099.375914461478,1562.5473932588743,121.25389666978975,-1280.7061851305223,-1862.188720804351,-1296.6705783115926
108.41518929628003,1533.156369543111,2116.6778146015927,1540.883066635888,112.14564237395771,-1275.751153520157,-1861.8962062547325,-1291.8408366103372
131.15518576350559,1554.305206063097,2122.7340615580647,1532.4293702607195,120.09417580307617,-1288.9738045946465,-1889.5747808116519,-1290.0773360503042
137.91469366255834,1565.326301724827,2124.92314079545,1564.4009453783212,131.78764213243488,-1269.7615151323473,-1865.3375908495057,-1279.503016535269
150.5757450449278,1554.2568878171107,2125.01225236757,1547.0305608957258,123.87062440503229,-1270.2994246088958,-1862.5492537291116,-1255.7767765333133
134.2395385827857,1561.6898118605347,2137.4928881393503,1562.3265703553345,140.30577088018006,-1278.2373844235085,-1862.8729807912157,-1289.0431542630688
146.91425271119965,1566.2265633404684,2119.2487763111253,1543.166120101722,149.21580454358232,-1275.3132226196012,-1853.813926522086,-1286.82557155198
139.63011029082685,1578.9744301913925,2136.162735951568,1571.630168906868,149.07410023035322,-1260.7198444156375,-1868.2624076983136,-1272.2917106724205
156.10228082945648,1564.4690460528705,2142.435915686589,1562.6087424879192,167.89055861072526,-1252.3939720479652,-1854.6247599343649,-1269.9552597179952
140.152383531617,1581.3320412494513,2143.561741692484,1553.5178486366788,146.06289301564422,-1258.0107944624338,-1844.1068153570816,-1265.1295274895383
164.46517276543463,1569.1959807993896,2152.9749528323828,1554.2382818952624,174.91485940115044,-1263.1490801052041,-1839.5967652583968,-1262.077301367738
170.25425611202303,1563.6260067459573,2153.2067051810955,1589.77257623462,154.07211418244245,-1245.1110955092029,-1838.7337210438425,-1253.0033944577945
165.5970560992638,1565.2008867614356,2166.9937093197636,1568.019689893349,159.08989263385604,-1247.8300451642451,-1840.3236901825144,-1249.3115531690073
163.7361454812694,1586.2727447726006,2169.2145527111065,1568.1246271986265,168.05582857494284,-1229.6041133362578,-1840.3949475721067,-1280.7476875464602
139.60343070273706,1572.3170680739431,2186.4308050638674,1585.9745862620705,156.3328577429998,-1244.7007499376666,-1831.5084998767375,-1246.2206364444112
173.09953116961455,1569.550316018534,2170.9697937722485,1594.3988594181326,175.24859389418657,-1242.6315823538662,-1840.2558661675498,-1241.647865763524
180.20217694467823,1580.517766253059,2170.151645460652,1587.6662446772525,166.58553484978015,-1224.449487186939,-1819.2373378638285,-1244.172700637044
166.1216171515573,1592.419755213666,2173.3832605443613,1597.2126751166197,184.35822219895803,-1234.5589004915114,-1819.596142486446,-1238.4772219196357
161.17614200611428,1572.9140269088493,2168.8269679887158,1590.8627310641064,168.57828875918997,-1237.5880336743844,-1840.6165732089123,-1231.9762790878947
163.3423344263794,1594.7574937291783,2172.0057519934276,1598.7460912171427,203.36698662905752,-1243.8173704735448,-1797.2449336662696,-1237.3131201633953
174.06872964576408,1594.2248156978824,2184.0197749710183,1603.9564598628776,181.77931274611566,-1231.0148823224986,-1819.5920345195325,-1232.1384587665118
176.48962910879393,1583.941281157282,2183.1390613400563,1603.637362488349,174.5832337423219,-1239.147173315731,-1819.6648403560482,-1223.3294616561757
180.399917355078,1595.1901951118066,2186.695205624295,1626.509100214133,179.8542545226096,-1205.425288539669,-1792.4365344786577,-1239.4527948167515
201.38537669006027,1592.7058645928334,2194.340319740531,1606.2153333854492,178.3727448189385,-1216.6176902706666,-1810.6379437424143,-1237.6045729586804
186.3027049966458,1614.459949580551,2190.9358262889937,1608.7799476662724,200.99291465846412,-1228.6955281099756,-1809.4814835947616,-1218.6167296290896
195.2679876105182,1626.1233775066598,2196.021761590071,1617.0098208209974,203.03517216045853,-1217.7949199010484,-1784.553699174476,-1219.5467395281692
201.43108713110277,1617.338224415676,2199.316689238952,1610.9583019125266,215.83370081175,-1216.2938072509185,-1794.7226560658667,-1197.002127586914
203.98896593576072,1617.0644099883414,2197.6947355943385,1598.3576012679214,174.88832715401622,-1223.4580121709298,-1795.0179293518784,-1187.2519570203292
191.1429942322661,1620.6120202604006,2209.9946455848635,1616.4812405136704,200.53632070102137,-1200.152837252975,-1785.6364809936856,-1223.925385897112
217.7956244927803,1623.2289931842956,2191.944738195852,1635.6874059123184,203.81197689309002,-1199.2730744772912,-1786.832795121117,-1204.449347307477
199.52399231076683,1621.7206804807447,2216.504770056054,1622.4238262003446,221.8076673540374,-1202.3370239345998,-1795.9634222109974,-1186.2497661292653
208.39194297937146,1619.4774432126464,2222.2233502178656,1638.4998560602248,200.51694773621816,-1193.803982664779,-1791.0927168490564,-1204.7116882985576
206.2114303153716,1632.9384695123101,2199.505889121974,1622.04972605608,206.84993033363722,-1197.1264575671414,-1802.7025009262095,-1194.7595392250698
226.93409169288526,1637.0288744339816,2238.7826266739376,1633.4142421513932,208.79590809495792,-1182.073249830531,-1788.7619137771128,-1183.9363612804111
221.20738262182954,1641.8683985661107,2220.2378011836686,1635.6512740886108,224.74542443385317,-1200.5768981893384,-1760.519236708998,-1189.1386179152291
238.179071281102,1646.558560784026,2253.0605033256415,1639.7151945985677,235.63810845577373,-1196.848462665579,-1784.2337968935446,-1197.2975417086404
224.4191801877271,1651.4379851175797,2222.5734535364218,1650.7232920915958,219.83494590341417,-1185.77136957955,-1760.6558058381797,-1171.470599717652
223.9179080126951,1645.9736740656956,2235.772978087196,1645.5365407926834,222.72526911072654,-1178.1525930296157,-1753.6927668449014,-1181.0719418288497
223.47889119336674,1639.3475498852574,2225.133848348411,1628.705678599394,231.55267450360208,-1176.5661101456994,-1754.6367981435008,-1175.0663971384358
238.07019782867388,1651.0172126044206,2225.5452415467407,1643.283049162187,248.55935595889696,-1178.7928288634182,-1768.8464991191463,-1177.8816530998597
236.3191466819966,1643.2029377192916,2250.7914341608066,1647.4170774323884,230.8378100792328,-1197.4653902586888,-1775.9505116682599,-1170.5009863264145
234.3489640670415,1665.7845696136876,2231.9861342923514,1653.1455408137117,243.41724122972087,-1178.2239069699413,-1746.072988843435,-1164.7160733763362
261.6381734254047,1671.0807889160947,2255.0082326668803,1645.890013055122,235.30777219490534,-1158.701784821566,-1739.4937961651574,-1155.0008872326107
247.10225917271455,1668.2828473384727,2241.2295762465114,1668.3149220207313,265.0584784795084,-1163.5866932810716,-1751.4952845084806,-1161.721511833241
238.56017802895025,1671.6654045826285,2261.985415335346,1648.2442956396108,259.84766117830117,-1147.6466959473887,-1758.4191331824927,-1164.4126585680858
259.5442518768724,1675.7860857748765,2259.7967775044503,1669.052652807118,267.95425848380637,-1158.7993915360842,-1732.2428035933306,-1150.3148107176148
264.1349203146641,1670.1901707488005,2274.5562868250404,1674.8506759463323,258.7778250658521,-1137.065781855506,-1738.8203650965418,-1155.654138241042
256.60450992669803,1687.816957198537,2259.63050888037,1677.7968021484792,260.191944169216,-1152.6568079861459,-1750.3166459473064,-1146.9283393047285
270.50422475174673,1688.1469466446033,2269.0661833162867,1686.6101321394638,251.89244880722828,-1164.5967966989763,-1755.0110353498362,-1158.1059264756311
272.3102960940725,1659.0022224182417,2258.467931953352,1683.9470405844577,269.5828487484672,-1158.0185478996457,-1748.7899250459725,-1145.9926298548207
258.4981110359133,1697.6430413088895,2267.5195448815566,1676.89941976288,271.3854415385979,-1132.2983475167543,-1724.2603050045702,-1144.4682519789224
283.53562372217647,1693.1857979944562,2280.695216579247,1677.1909122460036,255.1430190671285,-1148.4059449099605,-1742.1093723419265,-1139.254275433521
252.60550996570836,1682.1330112928488,2266.8866702087053,1699.3874580030422,286.3946614161962,-1151.9992663410885,-1735.9499532283226,-1144.0814598402485
274.0359303205013,1683.2129645929479,2268.705205942788,1715.9319589665483,289.6631045043093,-1139.9502545864252,-1737.5354926540065,-1135.208449210824
284.6509380587358,1684.6303535228549,2284.4363901529387,1693.0293651372456,275.9564377443715,-1158.3103680448137,-1728.8365329863132,-1129.8622933521713
275.455643940859,1699.6778954177805,2271.478944250352,1700.7333479090337,302.30090855059757,-1123.2450109394933,-1708.0115096838822,-1139.4923669323737
295.562973727027,1689.6126457263647,2287.457927237566,1695.3315562108337,277.6431524497491,-1135.9602750391432,-1719.7742512381337,-1138.4135567621715
306.3646481091048,1704.5836517287307,2287.8350768237055,1692.3601858622408,290.6197090352555,-1128.3767848204545,-1708.708325797007,-1105.007438715056
268.19087924754444,1711.2363670763395,2296.7314194606743,1706.1083021366978,280.3587113893719,-1121.603033922177,-1707.3161766958806,-1127.4793412413453
285.60001323591075,1705.936724503775,2280.997089984804,1707.128784185282,277.2605079086944,-1113.2453113716733,-1713.4478782754227,-1125.0431350317483
295.12208123749116,1701.0067049550014,2308.04217835468,1705.6225514027728,311.7478217805912,-1100.2534118846204,-1727.2968859006762,-1130.089054757008
301.00146401047755,1703.3991391280754,2289.2351680161955,1713.3830765638108,312.67103622288585,-1133.3971599712465,-1711.370188701146,-1118.5542109756775
306.53313722793297,1706.30475800969,2281.4534361323167,1720.9338023823477,303.0674277895511,-1133.761481190105,-1690.8176045294852,-1126.6058279495574
307.0225598063272,1724.652221241628,2298.1397835676717,1708.1075016203008,288.70789547767754,-1098.4300444284763,-1702.608527935385,-1102.1251375489403
300.9608198905881,1727.9889078132926,2303.498818929209,1706.8687287274618,315.39821052241825,-1104.758156452667,-1706.0103306737553,-1124.8574335933745
304.436262930667,1723.687705731738,2309.498939356375,1728.1150360449735,301.1121533506665,-1117.5618745735458,-1698.4996007776053,-1110.2733707990376
298.8078842969226,1724.8071923014616,2300.4512972086395,1715.1464751393282,330.7003553504504,-1121.7017733884816,-1692.5405132512265,-1112.6039922898383
315.60090744554543,1701.3178642228966,2322.798474978563,1736.6006673413865,288.01290734900493,-1077.9692595974286,-1684.48146325906,-1106.134761021514
295.7875087238399,1739.7358883963573,2312.942123165507,1736.366844395134,327.1193300842796,-1102.6164429823134,-1693.485009143726,-1103.6728298959001
323.0105626127889,1740.352511795977,2285.4024756865574,1735.1728246869845,319.13822917054335,-1091.1145072497052,-1698.7585060409604,-1085.6566445488181
332.28852353868314,1736.2408440647882,2308.478835712678,1719.523990817263,311.73336540935634,-1096.8113120533517,-1689.0817547749853,-1078.116870348032
322.6214912968792,1742.2864789266248,2324.2667456432137,1739.2570897583505,299.2999973534169,-1080.8757031512926,-1676.8859239143487,-1087.6659994828708
325.8712246620049,1734.2905509581276,2339.249099202314,1745.3419365092745,326.59002463311873,-1081.2507617559168,-1672.4257851949835,-1085.0255369060983
326.6541174851848,1741.4006201524749,2320.055854770089,1756.970076172182,328.60527915859143,-1099.1208677498803,-1665.8678905345055,-1092.6349314121464
313.4739339720393,1743.3786652664953,2337.15870667909,1744.4694325900007,311.2637094666577,-1078.599669394571,-1662.2272809553983,-1083.4729077643146
320.28117185992437,1739.410670828864,2326.208485922542,1755.3826388283885,340.2286997113621,-1096.6484000258067,-1685.7209694257838,-1095.4106426585984
321.8389177096206,1750.0302793943958,2329.8645468478703,1747.4284293288713,318.9077332725771,-1094.5735459990203,-1667.2244799441755,-1077.0028000529687
343.2168072233842,1759.5456921612588,2347.3553804436583,1758.8457202936022,340.9979369962071,-1094.8170002786526,-1671.1112947157328,-1093.744235941907
340.99043918744917,1758.3500586641856,2328.4181141929243,1754.8156124852958,341.47819597180984,-1064.9828270049463,-1668.4933194634018,-1071.4166457472315
347.18915013455666,1769.593157019704,2317.664366393508,1762.2339799956248,356.7457129687973,-1072.2599014051852,-1657.4201597684191,-1080.4197590706779
358.99630461294356,1747.1985986953596,2350.9260639473514,1765.8137434553857,346.9792274215654,-1069.3778909294347,-1669.129386743471,-1079.963024687894
334.2328084506958,1757.2084205530048,2350.936635343557,1786.5181344464158,350.39076413934026,-1079.350383970677,-1660.5720751831868,-1063.7562748111918
355.3676948069244,1748.9961158224155,2350.212216947002,1765.531229967903,338.2187470960814,-1076.4297822520616,-1665.695393603539,-1071.0370656016457
349.8497987160938,1758.876265197022,2360.5114070768955,1762.4019279032602,333.6842319842999,-1070.696737383306,-1652.565467448172,-1073.3711416145727
328.3259644931089,1751.5110749395462,2349.761540378575,1752.5780681702615,344.23353625085656,-1061.2237499415526,-1655.1186660683638,-1054.4982875752783
349.1299918120324,1770.2568767772527,2362.8109164306748,1766.1308822283224,362.37925077742193,-1054.0978914507773,-1650.5684049080473,-1061.2935436151229
340.8952097155372,1773.267819868152,2365.5411351328758,1760.9399864112415,353.6599356340129,-1054.1654793707992,-1637.812521541845,-1056.7182472155976
363.4851005435253,1777.3593622846522,2356.7389401428836,1768.0465484358165,371.08319805130486,-1061.6738470929772,-1637.7771713689688,-1046.1610165183095
376.1392912264964,1764.921478337506,2349.0380221573832,1763.4398369267735,356.98354999622575,-1053.7457562684672,-1637.1070239548922,-1058.7569938632605
363.3799451008245,1775.7757519271709,2365.921118356644,1793.3965378174644,372.63227175921617,-1053.943316912297,-1636.8233517244416,-1057.3676551125047
377.7101976055814,1791.9548437406918,2351.6489804344387,1776.606830847823,386.4748141407164,-1051.8177035346603,-1626.530470381825,-1056.3274078723252
365.3781908893079,1780.1435061410143,2364.6309525063957,1760.7043999720279,369.30242586675223,-1051.8756433565447,-1656.05901414724,-1055.3420046037322
370.9686872364478,1793.1816344605793,2384.0989877632874,1787.8974359535841,357.71405735702075,-1036.6811054927366,-1644.9223183860172,-1055.839679090869
367.69441214975024,1800.7725139145398,2372.9397936262453,1768.8725573238962,366.1183079855368,-1033.0418118444718,-1613.7844422650983,-1020.377237117785
384.99648692033145,1781.5196306859584,2381.8512455089062,1799.569570174369,372.92318324584716,-1030.8267961828733,-1613.2373352992636,-1042.8590794557874
369.0496271330504,1778.7826909507316,2374.8103641838734,1779.15428645006,370.13171227131573,-1026.3372917631234,-1644.5257789185782,-1022.9898804105167
392.99295012492314,1804.256550163867,2378.134319324865,1812.7984203524193,382.36769086324074,-1032.4245949508277,-1612.9109790415448,-1023.5191870399032
373.9542300557417,1785.0846864681314,2386.062360067545,1788.6452182351109,369.32635236833045,-1029.2003515421766,-1621.8048356600773,-1024.1998365233824
362.004252115152,1773.07867026928,2372.5882530274275,1783.4845858053707,376.864394623972,-1037.932331558311,-1598.8904620591295,-1036.587447427643
385.5029049001667,1789.6887302966086,2395.2254735370743,1797.3013388277034,377.69786074547767,-1021.6800433679357,-1615.2201887628519,-1036.2529235994723
388.5615045696292,1793.007900606657,2397.810609539385,1791.8608366002109,391.9572509137844,-1033.8732328976587,-1610.7453625967096,-1031.091442888633
393.58470387475984,1798.407223768532,2393.7761609040576,1803.3306632591039,372.1502043104839,-1026.5509338933018,-1615.7904004933334,-1035.3794144258668
394.5552503106452,1821.445673698406,2390.979096752701,1787.9411629531085,393.1046915419335,-1020.9813837172685,-1625.6357910338907,-1033.194511230777
392.5454380651162,1799.0763110459482,2379.638833327568,1782.1484938598524,394.7361350950507,-1033.865651510257,-1595.911652901519,-1030.038968275773
390.6308080445212,1784.540094625586,2399.287147822738,1806.150656098092,417.5588706897372,-1037.5081317055356,-1612.3619125202451,-1037.8035455308654
376.2449873565011,1803.379419946141,2384.124575764943,1803.1667601136767,390.17913857718383,-1030.267568833826,-1588.734401939387,-1017.4820667294908
412.66260022853584,1802.5437844486135,2386.6199153379634,1794.5937114720589,395.3721900149362,-1022.3143856275223,-1609.4796920853923,-1012.3033720358312
404.529341471582,1820.3721052915103,2395.7664450835446,1825.2056607946718,410.47686445772734,-1015.9077501251269,-1608.6833250673767,-1023.2208687975983
392.6957078174238,1806.7403869530435,2406.1299408743985,1801.1076520162578,386.2836572673697,-1009.2683298587475,-1593.3832023401726,-1014.350280182166
407.0428454935651,1827.22560661062,2406.926725227779,1807.2089574782942,405.1452399107237,-1015.5558443390883,-1608.1868931808388,-1012.3144363259722
406.5062771114201,1804.8286889650778,2401.578840880614,1835.2639560858877,419.282619827171,-982.9969112927358,-1583.846510059565,-1010.1037896732705
401.52436380874144,1826.865717455933,2399.3183330776405,1823.969061601767,395.3522676392332,-1019.5608271685747,-1607.9983697858006,-1026.563845793208
409.31031698060207,1844.5989007503026,2412.6999718081825,1829.5775882585392,403.06001653047963,-1005.7801853958366,-1590.7799177308818,-1014.3132900926607
397.85079164921973,1823.7839100786257,2391.398369365501,1822.0228146770783,419.1212991615771,-1002.3592480452579,-1582.9177172952502,-1007.3872257146692
410.63338650998793,1838.083800154968,2418.976401627944,1832.073731284197,424.6098181024911,-1017.8246299641585,-1610.1908844781817,-1001.1653759015103
421.61783486674557,1817.3733952016355,2403.0828932853965,1826.247694099599,417.9161391930106,-1003.545986838994,-1570.443045969951,-1009.919815026134
415.65520343092686,1831.897582207421,2429.662915565223,1815.0208333199962,415.96329608311015,-1002.3050586825636,-1586.3628749069628,-991.5825355858109
427.6215134765886,1820.2474683501507,2433.2843946514167,1815.5822288171264,418.50435131704535,-992.747666648753,-1576.998093203017,-992.6428319899994
426.8447681103128,1841.2658100436215,2410.8142102006414,1840.0091642768589,415.3635756857553,-1000.9702506742517,-1589.1217222810562,-1011.617303655344
423.3226789817654,1841.6741770233248,2419.648051597502,1826.2258072907618,411.7738758556898,-1000.5002515413886,-1590.4229547360922,-1008.5468441521743
420.8863949630875,1831.6638552506436,2422.51521545406,1842.948766960261,417.6482636192235,-987.770091829488,-1573.872790274807,-1007.5296957863325
426.9956338384835,1838.1916699938683,2413.04439176668,1848.9712294610017,411.09340592919415,-997.7120756853489,-1583.1258506349795,-1014.099340746922
429.2497394143774,1840.786946217309,2415.710667313428,1849.229886348657,429.51290979702026,-991.0268941904915,-1574.6276334238853,-986.3855502393272
423.4093872417099,1817.7063074270404,2436.5796837462867,1845.3919214348384,432.79028850700143,-969.5093327792259,-1575.3862395770645,-1001.65002309817
423.15224969788966,1844.993757041114,2439.2548483048345,1858.642305160993,432.306384947929,-991.2621802978387,-1578.932059151001,-995.1659206563116
439.7528256509136,1846.2589898028327,2448.8368090365675,1833.7429083436427,421.5225405730872,-984.8018161076074,-1575.5628996779208,-961.9861206104115
424.3981016462204,1838.1280012304383,2417.085102988624,1854.8999792843074,434.8268220312711,-966.5450998280337,-1559.5244277204474,-991.9196410280271
415.9037851383592,1868.0874124058107,2437.1295167583967,1842.7810730859203,428.33861327298496,-987.1080025189116,-1573.5777489956745,-970.0452496131219
443.44833583102115,1841.2661636581554,2426.840060116747,1830.6176232887422,441.2270207422684,-977.7087982066113,-1554.9635177562895,-983.0276286032972
423.7606860461664,1851.129992940039,2442.021707455879,1855.884115710473,458.60844128545875,-966.6308494599502,-1567.6760581296844,-981.8163319501834
436.19949530866774,1845.7983602126367,2432.404467570225,1869.5185725869776,432.87583112558946,-985.2139819750737,-1556.9643189787098,-970.0201096353125
442.9400477284169,1839.6760281229215,2436.646317383568,1854.9949661371863,434.2802193739372,-967.4482524250418,-1561.5842091129377,-986.2331425166681
443.76168274598575,1843.1991796001562,2446.6861445801997,1857.0518246571814,447.36262989306067,-969.2493253409409,-1574.2121128138122,-966.3727608655616
432.0878507267007,1852.1425040541035,2451.6599712823277,1833.6172382689347,441.1072871756331,-980.6403475667804,-1555.800702492074,-973.0343410415808
452.9294424099851,1841.5994045142984,2452.7553763877077,1848.8498001120133,450.00252023351084,-953.9506689070855,-1557.2025953592813,-974.8578178019065
430.07173451003484,1843.886361134404,2456.9926372110813,1861.6085127478277,449.533805654919,-965.0372452655151,-1541.656262574306,-968.9400825090697
440.3244074136526,1859.6133405434668,2452.656850569441,1873.5810125385294,457.9889488429316,-982.8634168996523,-1553.1515211833446,-950.884063780046
436.2940256983678,1861.6218691995598,2434.635980792253,1853.7390895337314,447.36761891607944,-979.2839173945019,-1552.7248959292026,-980.1950831820631
441.4871891291014,1874.2557858001733,2461.736155482522,1859.4784345570627,448.1595712084078,-969.8792056688801,-1564.018530120172,-944.1330232301937
450.4755370644656,1882.460095391858,2448.0376946582883,1852.7584491720133,436.81465827894783,-973.0182379804904,-1554.9761241634471,-966.4968956973934
461.18549325977597,1868.7475253483046,2447.3885352728025,1873.7887420446439,460.28577399301,-942.5683177985054,-1557.8467317996435,-955.7591853508638
463.7672311006192,1867.1768902144158,2445.8592971949556,1867.1512068654395,457.7448432819317,-970.439338600994,-1561.9836562198473,-958.2482442341125
456.1379958126376,1858.8449024698289,2458.0060276268846,1873.6884748344016,459.8200847282335,-967.900463737516,-1556.4355536624098,-959.0320899578566
457.4774807025712,1881.5044330715252,2438.5034776268612,1871.8476719289854,454.6047295311334,-961.0252238723248,-1529.236016913192,-959.9504519613307
448.9965874108095,1858.4561589035695,2460.1600900689996,1887.587971417678,446.72083097047,-943.8745682735015,-1545.4875931284234,-970.5289612284386
459.65873418738346,1864.411026627361,2439.304327177786,1868.8408677712432,459.2338155548431,-945.968524823348,-1556.8078142619347,-954.9889752767668
459.8870093353663,1873.6603576560833,2459.3756236997447,1866.8130165193886,451.85704212347724,-949.2424959871258,-1542.9985442976429,-955.7498216549412
464.98244996103455,1860.650993880038,2458.955223892036,1895.7238485283988,458.8622873560137,-964.1736287591742,-1559.747599721731,-950.9409660209859
469.05619522099977,1875.1727838650488,2462.1205567103043,1883.521140066263,484.1414822060465,-950.4186345073886,-1528.6357383448412,-946.8068271014866
456.8516870299955,1884.9920997570637,2477.921736524258,1875.668186353491,456.4760251986166,-959.2544625179074,-1518.4872207420212,-942.3666702702141
476.2893220000474,1878.7164210186068,2467.2842586080596,1875.1796866880663,474.0637754573309,-937.5590366935401,-1536.0598618653398,-952.7710575981353
467.3943439712333,1881.816796182022,2470.293864668308,1886.092699385683,453.48233071127294,-945.7438813480464,-1527.4419357217828,-937.647612183573
474.52145821321733,1885.7440664166595,2470.7200231917923,1889.5114884111451,456.1803803727646,-950.2670408320016,-1544.9093090806737,-949.2265759578572
463.79290824906377,1870.2584911722306,2446.15366262968,1892.5120472474516,478.08146663758134,-950.6824022028549,-1538.4625730173716,-953.2656972685671
469.22500315221333,1869.0549428583695,2475.5680291963795,1871.9936680611688,476.7484614734924,-942.9268906355898,-1523.045841533664,-943.2102934751164
458.8229982831,1889.308950164758,2478.787578754723,1872.0340128373598,486.42499485988117,-936.5322425790193,-1538.0142569510992,-947.5281873784944
476.3467001902298,1888.724091384986,2461.9497069717727,1891.7237492920576,474.50358224710214,-950.1224377279941,-1538.2864293943571,-952.6648375279939
476.2976409489535,1895.7162614746408,2476.3602632306774,1883.2140933402225,452.4980340497433,-931.3601327011193,-1527.0608174444133,-937.6600314526955
453.988161798977,1878.3309149171455,2476.3033524680995,1882.288755665792,468.64316649843045,-935.4064793431229,-1528.2874139473247,-945.8721193623009
473.09429298588503,1887.5844204155267,2485.8474816091602,1891.8122831834341,470.9395193760261,-936.1815003457649,-1536.0521943766116,-945.3621046976506
471.92903499745637,1871.010126648428,2482.1802113033045,1890.7300419556373,484.76068992408125,-931.4613507779073,-1524.1030640964993,-947.265532325268
479.5664711168772,1890.467070135133,2492.357596602893,1884.6699176416894,486.1427074236391,-919.675068366273,-1531.7545767135732,-939.2123942023262
483.1083086643607,1889.1755568775823,2486.670726644955,1911.969364028923,474.4229366867829,-926.6680218999275,-1517.1062175822344,-939.484709230832
488.6925023414185,1885.4996497690745,2503.7644826726514,1880.9022438395975,464.26356682669524,-928.9047501217002,-1507.3951308235762,-935.282263368695
481.37889010263166,1890.8401662903964,2490.9556081936544,1892.5578186939874,467.65415352477805,-913.8849887558007,-1523.832172283894,-953.6282285421275
478.4546781631168,1903.8244142396072,2482.9550101356185,1886.936527606989,476.04833082710957,-944.3813027729092,-1517.726952108498,-947.1343914482081
474.19592554931205,1892.1461473840911,2493.394890140141,1897.208045341817,466.96620907435357,-914.7010447583386,-1529.9006796021563,-940.7914207985956
466.9347432756291,1908.8594438473137,2496.1896322183966,1887.232473457092,467.37461859035557,-948.9776623898117,-1507.8887356264056,-947.8129660026823
496.45470859721894,1892.4082164267518,2471.2569117769217,1926.1522302156661,477.9700023092386,-919.7569320283334,-1513.404152008392,-931.0778719525825
491.56251569269426,1880.5764020386705,2487.0466087167006,1903.4155294794884,480.2899188675772,-910.7113541056938,-1522.922792770003,-932.724687542978
476.080828052537,1903.7593214284148,2492.730467373059,1904.220911606306,493.47508696986546,-917.5239125198101,-1498.596020059979,-935.7075721458241
463.86084643287893,1905.8621619269343,2488.3260203772866,1890.398549774628,499.8467635557964,-924.0459752979629,-1527.2462680524334,-921.3728289897741
483.0695100354191,1915.1070762195934,2485.101600946497,1895.3626594929126,488.6288014057156,-935.2012299807592,-1528.9006647116555,-913.0447021216354
475.1501789121375,1898.5941669543374,2494.5824096865445,1904.0075015233892,486.94927807499334,-930.5215806049385,-1531.0340216453485,-923.1100218856836
500.6953819972932,1930.2386393785637,2486.624402826912,1886.8029398391022,479.8589317958552,-931.2153449843954,-1500.7755396673497,-922.7365592582719
506.78895789830887,1898.7739733013461,2468.709656202305,1901.9882037628483,482.7471213915048,-919.4092241970061,-1505.0231633198596,-929.2007259215261
477.1579034474921,1883.1131401462032,2499.915659221569,1889.4824846848144,501.9014999613107,-933.3783370192849,-1505.19890778256,-906.5993614510218
491.84017288031555,1902.6712645663938,2492.8841032425717,1902.9617396157003,488.07402590760705,-929.4860842492224,-1497.029709738889,-915.7513285264412
505.85185444710834,1888.2060154273734,2478.6776871109905,1916.7437346840513,497.7624551641167,-946.0124798359589,-1511.4156536127311,-930.666847997946
485.17320394095447,1890.0775037044616,2473.8441210700935,1901.7687959045734,490.83041845236215,-932.994771016202,-1500.892856938165,-912.7779825419135
499.7355165599498,1907.3789325885605,2493.98247291036,1901.3097061425015,502.5743290072362,-910.1550192226562,-1511.3670470161676,-921.3215392220776
492.8218049567333,1919.037663704558,2474.569840266342,1898.9050661717642,479.1380027235471,-932.0030186781743,-1509.888006467417,-929.8049002779385
503.2772658085239,1909.9834125404761,2501.503058061596,1918.0625672431868,485.81115564090845,-918.2941519462777,-1512.6752672897135,-919.880907642679
476.20058071238157,1914.5423130326935,2478.170939980928,1910.801377941743,492.5806342253248,-921.4014153038695,-1501.7912408122063,-920.7733545274942
496.5495592587563,1908.0901461195294,2499.424437675499,1927.4226644950322,503.36230896314834,-907.4427212253299,-1506.2661057418468,-930.6807733715251
511.81669513367615,1919.6017307856853,2472.9341242367027,1896.7085359208527,505.24670741430964,-923.4630227894138,-1522.6958750980398,-906.1818103545638
480.08734619260446,1886.7416588620968,2478.6220904155384,1917.7266498235683,513.5716523582889,-907.3590715554386,-1510.8947235650373,-918.9483936237693
483.61031531534434,1914.754703582316,2500.283458946532,1934.9466519772436,490.75622925252827,-940.0987845313049,-1497.4327576733904,-920.6761306560811
497.1662131163675,1925.421907825115,2491.640186191901,1917.3470328187861,503.55798990426877,-930.5375763233201,-1508.401980398758,-923.6771465783845
477.4695368300717,1920.9632571950672,2493.3881809575523,1908.9241986150723,483.0927070484711,-918.2966736037358,-1499.615115565446,-916.934232136459
493.41268627650214,1907.3480272637225,2502.7692476671878,1915.11642179047,502.92553220484416,-916.0397907664902,-1496.234216816813,-925.852140736753
486.74334113320367,1904.9938798707235,2497.0194623520115,1919.1599127448235,505.05788126714504,-910.0745978360095,-1493.26606097949,-903.2942075338947
491.23077619070386,1922.4380909521985,2509.195895446974,1907.6060326570332,488.6727973896286,-921.2857233046844,-1487.1669781300213,-931.8779523138023
495.8421971276847,1901.495125389222,2484.3992852231972,1888.5809618869916,509.2987280589369,-915.9727768703108,-1521.5479684792017,-912.4332151712287
469.9449925320171,1914.2005976443536,2489.295792368201,1924.2664245011865,480.68647215602334,-925.7920425130764,-1477.490312287755,-910.3099180743842
493.17044428743895,1919.6233529641456,2512.9489967658346,1913.0462641496874,494.4354925176411,-934.7187594176036,-1488.3219708078145,-918.4999713965924
501.88912396820643,1924.1896410591046,2498.1075155112444,1910.8243945932304,506.5906901587762,-925.7971812612956,-1506.9182987271104,-905.0837395257083
512.8810481800195,1919.772267885612,2487.0729505536333,1911.996480093986,491.1878046423577,-919.0795918500265,-1516.5900092190489,-918.2465281443945
509.0633138619384,1909.8776419651133,2484.7025029522347,1919.7076291593548,508.1235766376726,-923.2442124916573,-1503.247120284967,-915.7495158193409
506.5007609848292,1904.385854365149,2511.306746058123,1894.9968297920059,484.497372046261,-916.8597694188749,-1496.4077248468873,-919.9779357912553
505.4605938900223,1904.7771204139106,2494.964867272857,1932.1708537962006,504.90285691451606,-900.5854922384058,-1507.3520195842716,-909.4663872837901
491.34901462352013,1905.1046095395952,2511.524424239967,1904.464383486685,497.55787389654114,-911.5372170579482,-1475.5486113462994,-914.3154050112184
512.8616649189822,1931.8200399384698,2497.7319775968504,1925.6160836705737,496.9838155354538,-897.0335654506904,-1489.3054726870027,-904.5056567505201
492.8981856944734,1923.2328967715323,2502.0933224631435,1926.4501768053449,508.7695881657105,-922.5817315973751,-1503.9954947010071,-925.155101988891
494.1043379334654,1915.252980885413,2498.286706815832,1916.8270064220526,509.2733697030439,-908.7557381369645,-1514.3836882924113,-903.374979628695
502.5653662589867,1925.962435106079,2489.804646247437,1919.5745479044413,506.9884605300724,-920.4791633631082,-1502.0487129201451,-906.8748532526221
494.21039680930835,1915.4289795973157,2493.747022578139,1927.0900556034544,502.0988373249287,-918.362076855425,-1500.4268365586852,-923.4716096850264
487.08075100271753,1922.461179338665,2501.6851200825577,1916.778857401472,496.3732732258461,-927.6433091548399,-1513.3187128883849,-923.6799243926012
501.05226797631303,1899.4608903398803,2499.263524920235,1908.0936606582652,490.37183892601263,-921.7921853810484,-1497.5424292880518,-927.6997638063683
494.4474906477638,1914.6698686273105,2488.9473765776747,1893.6289729038442,492.1605965444371,-920.6677777572647,-1493.3032789385115,-914.9092689825436
502.55445862285615,1906.9010227300605,2506.2787465181877,1915.068474422325,502.11210469148,-896.2517309125941,-1501.6927472362736,-906.3714119713319
490.2620196755134,1914.3601720492338,2512.4073719944026,1895.2647177248728,503.70350954160637,-917.2812465958162,-1507.935447347405,-912.2453197051161
493.7853848289065,1912.1856318785199,2482.0248858244227,1902.9184432717714,497.8572210182128,-913.6332210340544,-1514.210694805393,-901.2235768471713
510.0979161472981,1910.3107461774443,2499.0322226456487,1889.2370152482176,492.67297881968426,-911.7208054660606,-1509.8129694128652,-925.788148809284
498.3777191066109,1916.9374144369267,2496.2800889748723,1924.098581166037,495.1015601271677,-905.618300516894,-1496.8920535142342,-913.029961668173
494.22448569527546,1918.5160158266895,2514.8060851682003,1906.6667480686276,521.0359712202779,-904.9852267800266,-1493.1317422908487,-912.188779180024
486.63134065316376,1916.118095800604,2501.292165427271,1910.8169511895048,514.1488333531763,-916.7395750159035,-1489.158984330595,-910.7803853029368
504.0975006646394,1911.09910919438,2495.0434675900024,1911.6595477976969,492.374439869456,-925.2964490006536,-1502.0583635201428,-912.0209680781743
499.06662601441553,1923.6731386068818,2496.0318693516106,1924.1529376869903,504.1606582080268,-914.1773258389537,-1485.399596414322,-905.826075906392
506.15939039893755,1912.1468361014588,2508.1562259643883,1907.7961556109879,500.6049950818112,-921.3644695828021,-1499.485554865735,-912.5166021942375
506.9459236387689,1920.925068764179,2493.5145669416825,1928.1745636157918,511.1981175166443,-926.9395191573947,-1522.549320631645,-920.7794690499845
490.9697883003962,1903.3008203030872,2502.8301364977924,1916.85823768156,490.70326827342103,-929.3085025798663,-1503.4876578339158,-904.8994684889859
499.3145198637615,1891.3924100592437,2514.278658469767,1899.3388384210477,490.74385656453694,-923.4268553672096,-1503.036322232703,-905.1496869532965
492.4784573572024,1923.5601011826398,2507.731823753897,1912.0852852273288,489.8744684754954,-921.3348478013504,-1515.3412468347967,-913.0037202957974
521.3370857348998,1906.315992523569,2494.9934239967383,1910.3116211270133,495.32413284138084,-914.2880181168574,-1496.8126625381205,-908.1735833733958
494.0480675553858,1905.5210180799272,2470.026241769995,1921.4307541153034,517.9164018620423,-919.9041016287146,-1510.2675146985416,-897.2679222439325
503.77040245039643,1918.5790471972987,2497.8769488539615,1921.0995987121923,502.84948749958295,-909.4702991420829,-1507.7897844702302,-907.8474790273368
492.44645503340945,1905.6797562776364,2513.348046960519,1898.9330874026002,513.391931341724,-908.0026121404263,-1496.3306874339462,-905.7215191518593
498.8398695655673,1890.8724071565537,2474.3417723771668,1912.7250463395492,498.00149523274604,-924.0879931620223,-1511.055061674089,-917.0496766077392
495.1783289839625,1907.936499173064,2491.535991867686,1906.8978086616935,503.47154629413393,-909.0153209078712,-1508.337369109417,-919.752444342557
499.0616851182812,1897.5554741945987,2505.85508423151,1910.9128625143665,481.1435599938709,-908.2384197568804,-1509.45690541123,-917.5524881614425
513.3587710498588,1932.8423150933615,2473.4731574755665,1910.2320800762116,492.9681347622942,-915.9068869753836,-1474.6325372072079,-931.7138620468594
491.42071421280815,1910.8744878210318,2485.185799246378,1914.204203262988,488.9930091589478,-933.2556952539793,-1505.594335901865,-907.5999005952269
496.0901282406318,1895.4688896464768,2505.958369409936,1904.5686643821537,478.5508321243379,-926.4880720683269,-1503.778711809195,-909.1547563732921
505.39876916890773,1888.6553037942776,2491.2141881526413,1915.2374673174006,515.594822018234,-924.4477605068475,-1505.6370493856857,-918.531509386158
480.73136696052757,1903.2003840379327,2504.610418206064,1897.8761460343196,485.3633515256405,-912.1625403759382,-1511.2802393146894,-922.2997018093965
497.8518491558515,1908.6552520061184,2495.6972698954696,1909.4474759070129,503.129970727125,-907.4192040874761,-1508.1175078504164,-917.9891444803995
495.5933713329119,1917.1147862875146,2502.837885728318,1906.9586061224168,494.03380045086783,-927.3851054058267,-1512.1483163464952,-936.272045898152
480.5086781683035,1902.1920763951853,2493.145961788953,1908.1212163493299,498.35324024465945,-916.0175816442915,-1500.3905202546043,-942.620018361374
493.52191794165697,1901.1498652862679,2498.6397750096303,1903.1865501571847,481.1719943772353,-918.3355322588809,-1520.901089985345,-907.3321145742947
499.0366927061689,1897.8501158285467,2489.8654440980677,1900.181919220166,481.11193509004346,-920.9046711168854,-1514.9164238672358,-924.860851302363
477.8275715585159,1899.4934411117965,2491.64127715581,1898.5580368815283,504.1274696480001,-910.1944201181541,-1507.0092985668023,-925.3118189323853
488.01212456908377,1907.8182875243313,2476.0146298965515,1913.7039970309806,494.5690191544447,-917.390133374266,-1521.2947786265597,-915.2286711125267
501.56014358534134,1911.2287998797667,2484.3625964191633,1909.9500783246417,487.28131694461115,-927.5845044223087,-1512.6139348661964,-934.6450170983287
502.42673517147387,1895.6534892772006,2476.783841285136,1895.6292241947722,471.642978637306,-918.4697853838385,-1518.536396569451,-917.692904706071
483.07285013494914,1906.0842634603255,2495.182733707529,1894.3524792238447,509.71749280307256,-932.4343515517148,-1502.6698452512762,-918.0471754667806
485.1444666884682,1899.8027566719038,2492.516220330759,1886.3807474187468,487.33091662958196,-927.9077721063145,-1516.1710370737653,-940.6057170669721
481.43458160598414,1909.1417282695538,2475.2010125792494,1896.3555760072745,496.66236496811257,-929.2081433994915,-1508.5509334260917,-928.9079437912571
476.75576943190424,1898.474937401751,2473.7479796913126,1902.9109412401097,490.46588744201887,-935.8833741629574,-1503.3494851939083,-951.8404969260655
451.0832149200401,1902.3568579897653,2483.436743355544,1889.2831193969384,480.1412484007914,-946.1303462500155,-1518.173125533825,-936.6377159077915
488.81875354773297,1895.5443838071874,2475.4253854390904,1897.6543669180799,485.0131382620689,-944.3829317549173,-1500.9827689126548,-927.8424822226706
483.3113881216521,1901.994367015754,2482.7460230704182,1890.2856354974258,485.0087635455598,-953.1848568049446,-1507.3142460407726,-913.4815703344722
486.17910722576465,1904.5816328026062,2486.1354832728807,1891.2944142369363,483.4001764109459,-927.4242323684197,-1528.8378886244934,-929.1703249722734
465.79276254466174,1906.7576784747616,2491.147184212031,1894.4962388691354,506.01670710266814,-923.6297464073643,-1524.2789996605604,-945.5538658596688
482.528584083616,1903.874926120938,2481.0733666648234,1887.0140581560354,483.3686757416081,-928.3697759767961,-1512.478393487531,-950.8099892532812
481.4645710630307,1895.7758340666937,2487.2293943115997,1892.7813941803622,479.80779010717504,-932.1683594915447,-1509.5549264412114,-925.6953625819244
465.0259438154139,1885.424920850937,2481.7606862124403,1909.2000741897407,476.0971609320598,-937.6432750911091,-1506.9615317009132,-922.0523577933218
483.46622644437747,1885.7485628427673,2480.7998827288675,1881.3273913080711,479.31854328967023,-953.8022122236277,-1530.4699886921835,-934.429998349874
461.5537917761261,1887.2563191629256,2484.2341282962943,1891.257398561307,489.5707043792186,-928.7001844073277,-1533.5320841601724,-936.7124452471392
467.7784577825402,1893.1002507589199,2493.0899890703126,1882.9847563720357,494.5041687439614,-944.7631112413893,-1523.9103914244643,-942.2941459347857
467.08056997242846,1889.2092688959542,2495.5149013076802,1890.4834577611298,481.2944833637507,-944.370585701004,-1518.5765124409188,-937.8445053152602
471.37749635749384,1884.0242330408287,2481.413640684057,1892.5687958023616,471.02342763523393,-951.6786886428946,-1536.9153114848493,-931.265085936876
463.5048421263011,1906.9463886075944,2471.1031798743456,1872.670928080744,473.41724745945135,-926.0761838910613,-1530.2109017527323,-935.3971206560692
474.40515778059404,1892.5428142432493,2458.3541192441576,1890.1114276029514,454.37119996275794,-933.1300124334887,-1534.0662433153684,-944.9748220562241
448.59891749233134,1885.5219797808472,2461.795257507858,1891.5792212028396,494.7077969087092,-949.3556094391297,-1527.5860307952958,-928.289897472568
459.1166945226555,1881.451994574736,2478.884032530304,1878.7631127294717,447.50656065699616,-946.5490048166032,-1538.487469367302,-939.3236269852446
473.66990531602704,1903.059492698894,2470.2848532837716,1895.5531832102465,464.3438720620776,-941.5018983533325,-1532.959564989337,-948.5106701638896
467.1398013302403,1889.278618466997,2484.8695073577987,1869.7405305057437,479.924605174271,-941.1034307239674,-1513.5294965486437,-958.8307098390426
463.47259806341424,1883.4046466990058,2487.718456105621,1899.7764470601414,479.43685301960676,-952.2101127784077,-1528.7205378265578,-944.0258769866795
459.01719343110693,1860.1003699322555,2478.699626937,1872.358786110779,471.1458773394986,-948.1075730375277,-1548.9146801983495,-952.3001579168886
458.79721179750027,1888.4497252267977,2467.8700694151094,1892.706951407269,463.19380031878984,-945.1558157418766,-1544.6368931855682,-967.5968183432051
454.9254662224153,1868.0464842759743,2447.261462500323,1877.4313047018363,479.3735682012294,-952.5271160758172,-1546.8236062290907,-952.476407502604
455.70571216361,1870.7972367651885,2472.0463357961903,1868.8057508338445,475.94990903538445,-958.7624025653943,-1528.7524322582588,-947.5353427222042
457.21253593744643,1871.5011762210784,2460.645600800569,1875.4136122682785,463.4649489342354,-962.3332906836122,-1558.2447308652222,-947.7171607032017
449.53503073208776,1868.470642707447,2448.437245291272,1888.5175058720515,458.3159041699868,-947.5646577872159,-1545.0678973230677,-949.2864158743209
445.74942636127264,1858.2501580864762,2449.3543999017884,1870.0392109135028,467.2584805107135,-949.6167989370837,-1522.9202771254345,-953.9590028863904
447.6944646878738,1857.5622595747498,2454.333370863284,1873.182905133902,440.2026477573728,-952.1621562113506,-1548.4295132708492,-949.1795550668313
445.4396952040071,1874.8861193207383,2446.1166975984183,1846.1143849195869,445.42473198268414,-953.6265561213986,-1546.3485067638546,-956.4340339934583
429.90321032985815,1873.5434553937316,2449.6653844005355,1858.0824206372636,448.63100729702444,-954.1768458405555,-1540.9815067828165,-970.6179161026058
459.4906328584819,1852.4474683901979,2458.327848567583,1863.6524394640014,466.68140989863684,-959.117259530343,-1550.6996788316565,-953.4181680915887
434.600246675914,1878.0779880308535,2458.295179541618,1884.4168015664272,469.4332564579351,-973.344639196463,-1553.6444237591802,-966.0921287106072
446.7844515089707,1885.1239665053902,2437.672199895968,1870.4870430105004,462.3492617313715,-946.6039321424314,-1549.867620106636,-965.2540836115144
442.91040654456265,1856.5262765633636,2427.7507515499697,1875.4025417364232,447.4537980543015,-963.0392247678544,-1550.2372137171592,-953.4913883863162
439.5348619507675,1865.4100346478626,2452.2907900552755,1858.3684859032555,449.07573604000856,-976.8647415034811,-1571.6564905015234,-965.1441843728492
445.5659746200945,1857.3454138608975,2481.523940738061,1827.3153341918232,452.4371787553968,-955.501621169238,-1552.4924732271556,-969.4451886240138
455.0347217447861,1864.267286896575,2439.7313041434986,1855.2900598550732,460.0714086850465,-957.523641395735,-1547.9579590782892,-976.4872493970001
453.0868094712016,1862.238216025278,2453.0847872225186,1869.7090869686806,451.94593215382247,-976.1159805461533,-1559.932076236773,-978.7054828154934
453.45140306715524,1853.7874233273,2454.877282177072,1879.2947688853753,446.75042062590023,-946.8295318897068,-1551.4177613950912,-945.8338863319478
451.20565288368215,1865.3746883891852,2449.4605075417785,1885.2038791850196,450.15355619216007,-991.342736247265,-1540.5722625770095,-973.9749411392064
432.8412404817431,1870.9985726863922,2446.778675126235,1872.290825342882,436.2284791836654,-976.4592405407756,-1556.0519359948246,-967.8463295443014
437.8079958603112,1839.5425406791949,2421.7233308204336,1850.6408934905849,435.7689219151607,-969.8671172220323,-1560.9718304427615,-974.4448993168157
428.34042224138926,1853.9629892984935,2436.768174453277,1856.7035783597541,437.73012799519284,-980.9953820663862,-1560.7371422970778,-979.376803069851
440.53941160469134,1844.595474926352,2448.8144566937513,1845.3544025703181,435.5426199115933,-975.0963319153474,-1564.0774425235634,-1001.8909110624867
426.23359278485253,1855.4085730324052,2435.1194207002413,1858.5822896535537,432.35543023081203,-990.6574952912207,-1570.3943411554396,-975.8672304134161
424.3867849705066,1823.5592863194456,2441.3435795512464,1847.4599356750907,435.36797315252204,-990.4384977177428,-1550.8774564930486,-973.5193387806995
426.10261571004276,1830.7530494259472,2433.0357420292994,1853.2600132796,417.52733918525354,-987.6387241227311,-1588.001287749495,-1000.1380206210773
422.58114365848445,1841.396424290216,2443.454474123892,1849.840013036382,439.5312773747711,-973.8192096510218,-1589.2044438469268,-979.6707554945501
442.14139501766664,1828.8796421699503,2439.1734868427343,1845.2152502873514,422.051016915972,-1001.4255472452304,-1574.3966213354495,-988.3810142520772
435.1563524521937,1839.1169234682482,2425.439822520259,1830.0954609141108,432.9727232570081,-983.9204409568891,-1585.459180044259,-981.9848116817235
431.23518215249015,1843.4377818806183,2425.7287572614196,1848.2297322431946,429.91309351050313,-964.7177611959506,-1562.0637733956169,-979.530368611899
431.4368021806539,1841.3877853467827,2419.2188431461655,1846.6851008528993,422.442302611307,-995.9852447441286,-1590.9165694898188,-983.1074907835598
426.43422811771785,1845.3262358798122,2409.056333043335,1846.3793871853031,411.9326849376164,-1008.0178769972349,-1554.9773219545589,-996.398627851203
424.63127506784593,1839.4335550516369,2411.4695585587797,1829.7068504485949,418.14311022624247,-992.897636156817,-1575.6621195557482,-996.0948047259637
406.55152334016793,1834.3967413193684,2407.4056428871445,1836.9732157631968,415.55090236907876,-1002.3318254446341,-1580.58553718804,-991.1493908420242
421.9967192403075,1842.2526021919648,2414.2544662927717,1827.9934338899893,401.9997647307329,-980.6510822993498,-1588.4751027517887,-997.8927755400371
399.07427530694093,1817.7642354290272,2444.4874283848044,1800.831424610686,415.3079007360404,-990.6912860032724,-1591.9763430185856,-1013.2209086353274
406.7243376608023,1835.3212812159632,2413.3748434240315,1810.9464961594242,398.97815501645147,-1003.9025765646295,-1574.5980977899574,-1003.7460329628964
402.2815375959369,1828.3199827018016,2422.897815505319,1827.6269795593046,413.41340459504056,-986.971088403445,-1589.4923083047986,-991.1363248334802
419.5865445427807,1825.4451305872362,2419.807294585178,1834.1866610467666,420.1474271674787,-1005.398342161333,-1617.2886261456076,-1019.1303015153956
404.12073778865044,1822.6497919549704,2405.8427852018426,1820.1384780752219,416.66321212571347,-993.9425828170517,-1598.4175373596638,-1021.5907887513752
402.6158607255881,1808.9078428834075,2399.7143083699675,1829.3442786951086,392.60057975393096,-1015.7535938632931,-1597.8651872309197,-1012.284040409825
404.37951160031565,1830.7459219786472,2406.306819548552,1803.45836911843,422.73326446058826,-998.3920537115828,-1599.6330845112766,-1016.9462207713484
399.96691949617093,1819.7321239912756,2397.252898607127,1813.4198967096122,404.78497465161337,-997.9904332949683,-1611.0413249463313,-997.5506057359394
403.383221144239,1806.5698891897596,2394.2224484044177,1804.1741701179021,404.87605717046125,-1003.7603452782289,-1612.2393659153654,-1019.3315517544639
384.51275073422147,1821.5747203985193,2397.7965754724537,1810.7403287219204,390.8308027839873,-1020.162934122536,-1626.8515261582022,-1011.9881632765737
376.749354580086,1807.022061540129,2395.565436324713,1814.9201221118446,399.40303988416076,-1025.9783606602546,-1603.0601105033093,-1019.7939916172421
387.5770044448456,1826.7240423479818,2384.9757169652617,1811.8005535637924,388.1935673070377,-1001.8853562136268,-1608.5245232103089,-1021.3601004112282
382.9530350179999,1791.0968676888933,2377.161728417417,1808.4534562883036,372.47781445267583,-1017.5872314916202,-1623.5212917194062,-1034.7395651750194
366.52116970413454,1796.1291247645754,2389.7769448990953,1802.5166240121532,394.5463966923476,-1013.931384225822,-1616.0227606784513,-1034.6561925970414
390.02596995214765,1815.7480402990532,2399.3368691980104,1792.3860129734696,394.36808825040583,-1029.8600660145653,-1614.649889154764,-1037.1180676494655
370.5654904966458,1809.6766345505741,2412.785708657616,1804.5625972679118,397.181594684484,-1020.232797273265,-1599.0601790123956,-1012.730275714541
374.7491433398246,1797.9183421410528,2376.3166115103395,1790.5495292232324,370.9171503174244,-1033.4717177515395,-1622.6110962717573,-1025.219660369414
379.02628913654644,1812.7538742070944,2381.3447026958497,1803.4654555106526,372.4748139374354,-1031.8258598816524,-1615.528751064234,-1039.6792758042948
393.4843507583291,1799.148390424428,2386.1475245433876,1775.0794782437065,382.18552362882383,-1019.1993273288933,-1620.7154870151592,-1027.0270733913017
378.24698722700276,1785.7536868975435,2388.064573326207,1787.7857710607595,374.9665817353724,-1006.0730962124077,-1627.14414518149,-1033.277562910768
377.2061275236246,1780.2610466539236,2374.643158426354,1787.226822407943,401.8369158182216,-1039.7346880105479,-1641.0029970985995,-1026.4616524942853
373.7321031349888,1792.0722623644424,2366.958534279456,1787.9412689570588,350.4773091161345,-1020.8475603595389,-1624.327795741769,-1048.087963836511
364.0255884093112,1780.0596287178078,2362.977517285287,1786.3666980453377,374.7093580078389,-1068.2625811141152,-1633.0804403621987,-1043.2359380432338
356.2360596360551,1801.2997741274776,2372.499644763245,1798.2528183504849,371.1793522381903,-1010.963423424901,-1628.9267962406166,-1066.9794767758656
361.2219512400438,1792.6332440491024,2363.5058984766565,1774.3393420756643,363.3191063771076,-1049.2411234629035,-1620.7201320336385,-1050.7126188507546
378.52374242859804,1777.1060201975001,2379.091458395147,1792.9299048941257,375.14439702297267,-1037.9300890741638,-1639.2112230559937,-1042.8295466450234
358.68794279797254,1777.8498877773657,2370.8423100134205,1791.4716078805734,361.1926054549814,-1043.7345387428531,-1653.2901539542233,-1055.786466852708
361.87535366410754,1790.7655862892618,2339.850655528326,1775.5667444233122,352.1105701075004,-1052.4386942673282,-1633.6110169418268,-1053.1641833160486
371.7368588288004,1763.0608793271126,2349.51885122381,1770.4697587285923,356.2915561181907,-1060.8428690102312,-1638.0991714862473,-1050.8348665946235
347.8754018977988,1788.0770006060227,2340.5908757136076,1772.9299348362106,360.60014618261573,-1055.2788797803744,-1651.4202738230656,-1065.464499167005
346.76214915452863,1762.0426313203673,2350.5008882507504,1768.2633005752032,362.4290121658825,-1077.248690626592,-1631.9290536784629,-1063.1625172806491
345.29848218427577,1750.7414556894437,2344.758572828525,1757.6602694151197,361.1508561533525,-1067.073932819919,-1649.9558098323143,-1055.9838514896844
354.31902929554485,1760.6088674480518,2341.608487556975,1770.0844880482584,335.3270626021062,-1070.1754113720197,-1654.3047339785335,-1063.1432753516233
351.5778289652003,1756.8180273240396,2364.0171908281163,1758.4097493529446,340.8664488789646,-1059.0092061328419,-1655.25326197287,-1060.5255529113342
347.74793585956326,1748.484379146598,2337.849132622163,1760.5808981485652,336.7397203222721,-1084.5388198724415,-1661.57182783461,-1059.827007294473
340.0110910777395,1738.5245133906083,2339.4477883591026,1768.0255581572058,349.7034976644936,-1068.6351590964484,-1657.523538149155,-1072.1134838243581
332.56370076508773,1752.5764002227465,2333.2132547676392,1764.8019978014506,332.72193373645615,-1084.744553428647,-1648.1179979678964,-1072.5464958622194
334.4137507531241,1750.3397726976311,2348.823401685082,1744.83329471804,343.3544141617495,-1074.2777756790213,-1660.1027611300196,-1094.915436096528
337.25802188579326,1741.5941832805888,2336.6483999618717,1736.9972705704827,329.91574867152383,-1080.9773709892816,-1664.695136069459,-1080.6024885096103
347.7324440512259,1742.1333805557078,2315.5323147638387,1770.3291109019242,345.7735589647577,-1082.6561539337226,-1676.1484600213366,-1069.2519913237986
340.6142884852699,1746.334508214585,2344.235931662239,1747.7704693364005,322.8181279615799,-1089.106526148302,-1679.3775304184405,-1092.5221992949157
356.17216078156076,1738.3020787378555,2334.6731986843047,1720.3104945935127,343.60806247203715,-1115.283280549232,-1679.0533849322917,-1073.5045218740333
306.0158842132501,1743.0463709645387,2308.2994251373757,1737.0166309896592,318.94805937781564,-1085.1602326333527,-1660.1478535087695,-1074.2971617224548
324.97014045469484,1744.6221037230146,2321.0084970965313,1722.7642807495713,312.25766957366244,-1096.8130208742946,-1671.477409367656,-1099.6535359928046
313.0443516789641,1723.0000440323295,2324.071975698431,1748.8891433648414,331.04893849722714,-1094.4544858408958,-1680.55019102236,-1098.7844740436462
312.3365357685045,1731.8261473430878,2336.0850819185716,1739.1881029415963,320.18357331789053,-1087.839431790651,-1678.4391441365412,-1091.480385446501
314.3676189881521,1731.3375872098136,2329.6559487092654,1729.854978335019,297.6684508423456,-1108.3017791264497,-1671.8528779582175,-1095.3499283611673
313.36600953590266,1734.3520960571034,2323.560428280175,1734.7075835692187,317.7343674247031,-1101.6045932901961,-1685.790425994344,-1107.9329152847367
315.6610643930368,1719.9017793406806,2298.2672085067343,1710.517582562232,293.6416046754841,-1083.849523284609,-1696.5701452034111,-1100.8594383233356
316.51632775342614,1716.8939833143513,2313.6769349092974,1725.6001485879008,320.1537558395935,-1111.9303790603558,-1698.9571373909105,-1098.3953741538378
304.29904316125226,1719.4028548670635,2304.1592532697214,1713.2860732242707,305.84359343907414,-1106.7052439381991,-1702.8748491820866,-1108.2056098888531
310.02708955472116,1712.2227575189074,2296.8330981657045,1734.5560998513674,298.30240091221606,-1116.6515454792059,-1692.7016072625274,-1102.7360602014455
309.95213032283124,1727.8416356382875,2290.4620757601288,1715.99550237036,297.888877498752,-1116.2132736359297,-1708.460700310552,-1124.2871477693157
302.7945072361966,1684.3840827920988,2292.288670282261,1693.9757956633912,285.4240454574251,-1104.7224810599357,-1694.269249168775,-1117.1841865306542
298.60099231941456,1707.9827103678315,2300.569451532519,1727.1289174876176,300.95950163895014,-1123.8191638898631,-1688.238821285862,-1130.8073371105993
294.04114334698164,1714.1175336064587,2312.929066357119,1695.2270119178872,319.78650483682156,-1091.7058185243436,-1714.9760836905643,-1132.6573664484797
291.57428521834345,1705.0761452992535,2289.37199371684,1705.1472253715635,290.2780343619644,-1128.2807728119828,-1707.8874887283616,-1130.0950440500394
308.54471440387084,1691.875252198475,2297.0899514338357,1694.2635289779014,283.81788443526597,-1137.2622494535794,-1705.7256407359102,-1101.4915860193
286.30173416974606,1683.5867128077466,2290.93586790253,1717.2847983631864,279.9165177463996,-1131.0958822660275,-1718.6677295852467,-1102.6322291561423
297.65496519846334,1705.5908993682654,2278.457018349723,1696.6090920276022,292.32555331444115,-1129.063431687099,-1729.1414709794933,-1132.0787566605748
291.01748503783887,1711.6019422437498,2283.156023423846,1693.9359582728882,291.60771124767007,-1140.7374889278367,-1722.8850937545715,-1126.9591739269176
274.73112056832406,1703.1664668425265,2278.916212412267,1706.857721616153,284.9053852423756,-1132.0861758603453,-1722.1631551447613,-1134.387313026517
262.2343425668052,1690.8614374290935,2265.876599404144,1699.9983844536564,273.8533932628649,-1139.0296954490411,-1734.3102324537417,-1143.954335555635
268.200716288881,1700.2600199877875,2279.530007128678,1693.0472878630742,259.99223081927454,-1144.2864651287432,-1722.35534965424,-1115.101559044998
257.9275912714914,1681.0233894980338,2267.824782095756,1661.2791194670046,277.3420622099645,-1138.0318754513469,-1720.1682797992612,-1159.7232509031978
279.66550956211313,1692.4495386180809,2273.3606650127513,1696.710116269567,269.97850494255624,-1145.670147966034,-1744.861874596985,-1154.4809122818951
263.7293218961147,1678.7368784098521,2255.8922492479874,1689.4982378873,254.72657776158567,-1147.7635923110145,-1728.8842194719118,-1154.049456049642
247.62740561209375,1666.7961364803866,2257.7745613826787,1677.5802125187577,257.87217930637456,-1144.2921186623673,-1749.277732979443,-1148.2227171126312
256.2281845898788,1684.5198712979868,2278.5581776946397,1677.0542972485248,268.6376385745866,-1171.0220049089135,-1742.5805876338309,-1158.466031245724
248.60631166769042,1672.85540953971,2254.9574495405654,1676.6754556863862,272.699841134759,-1175.1983116242563,-1741.4035462341053,-1153.6982342680697
242.9046840023689,1671.1391269401674,2253.8021938063825,1699.8135219736225,257.51930327633346,-1173.1746531551694,-1752.0375257730398,-1134.2778221437236
262.2537517958213,1688.3522608658932,2256.5562853003917,1676.1991049879748,258.68772543785684,-1175.3451908211373,-1741.6603193094745,-1156.2820311506448
246.4684399447189,1643.1675683950734,2248.427028239459,1651.2805532854975,247.1039202464493,-1160.1258023933883,-1746.0165336511136,-1176.610444386563
238.74414936599055,1670.5961731831696,2241.8592526630514,1659.7944581791544,242.21731145428308,-1169.9176878733701,-1762.0320409501328,-1174.6334352861818
264.6901038194447,1653.9291958744693,2248.4128722278906,1647.987903588602,247.70947546926547,-1170.8188359902347,-1764.2823229698429,-1144.419991606378
243.93000556555145,1668.3311129796334,2243.0811871394635,1657.555182277062,241.02670742818577,-1176.2791474646303,-1759.5818116658807,-1145.4878693718476
250.60379174860287,1651.670599844824,2224.87777699873,1642.6714468399919,240.6454947210143,-1156.417702837323,-1754.6617016902185,-1189.7946184711493
245.2839051493861,1652.2475202887679,2238.874820364756,1662.3578415971376,235.17596100333012,-1178.803276907912,-1775.5596154440668,-1172.1735121597158
223.90795564300353,1631.9375429332597,2238.433352910849,1652.7587356109302,247.19216005979192,-1172.9092921435567,-1760.9280299253858,-1182.7092090976926
240.0268785399474,1648.8391263359827,2224.602625550748,1637.9142035949171,248.55332419041676,-1182.4501223311197,-1791.665760706133,-1183.4015316515026
231.13204235511108,1648.9579341939645,2221.1437766540853,1633.963204946156,205.4044621029459,-1179.4273374332724,-1754.3752760272964,-1187.9151779914548
234.30706531188588,1646.4479706839866,2209.6933194826443,1629.4484004956325,226.3637114966121,-1191.3537692431025,-1775.5186910212915,-1181.4784093471824
218.22163323156482,1635.7952924139206,2216.849389739267,1634.9551878564546,230.47730995642323,-1177.1706611713555,-1779.6100934601159,-1189.893196149
222.72452949875483,1638.8249570490475,2235.4125158552615,1618.279101004099,207.58327941808113,-1199.4274430932192,-1778.7599549807253,-1190.7480104229587
212.64985749311262,1619.7051319663783,2232.0211924325567,1627.8207198798339,230.68599109786206,-1191.369155405089,-1795.7898586762735,-1194.1388813512424
219.2166833698505,1629.3073527652898,2190.893836822993,1627.6349415454695,210.270363357062,-1191.1299881667785,-1788.699834037197,-1207.2203502844768
215.60895527906456,1618.5571280923248,2222.0628927853,1592.130867814429,212.08476550821806,-1201.98707039984,-1800.7103221536838,-1209.6472144267607
205.75019946809408,1642.8757973086813,2207.183788267672,1595.6955654898252,215.42749947878067,-1194.967140112352,-1792.7522316554675,-1214.5258025292333
209.96009421554373,1615.6084499058675,2190.6699526315397,1632.3862098428663,202.56685930407917,-1204.1136842403178,-1808.7791438033744,-1235.4193337100155
198.88544442479457,1608.7183735872138,2207.1012334257034,1629.2125801158386,191.52557485728695,-1208.0910897020499,-1779.8166653319659,-1209.9935889758372
193.90362718812696,1622.6572787088817,2180.9168561114216,1617.7163983034036,202.8900049177793,-1207.7355827759284,-1795.3970363734093,-1219.6952498080377
192.99998069476598,1600.2892451269825,2204.202707670066,1617.7946168443102,192.5012385435758,-1214.9783547880738,-1803.8762814893703,-1221.4872622780115
195.38911660653295,1616.8575783424426,2188.4184612010754,1610.095017546214,189.22924528907794,-1235.082806024355,-1819.5708269698089,-1213.9417135619578
191.89836221126967,1598.443187099484,2198.0866600607237,1596.3054868871643,178.66227101196702,-1224.8687009493458,-1794.0330225268972,-1200.8163926162729
204.54953706760628,1616.02519555312,2184.5886725714427,1598.0664401719127,210.13807870739686,-1206.730912316689,-1830.7681102831987,-1230.4170350508384
190.47767769711913,1607.6900614150768,2181.356642496957,1596.2763809896492,189.92945668180684,-1227.3566530464343,-1819.0944505484558,-1229.4235441589367
181.02050436141943,1597.725312352687,2187.5648929909958,1597.7254529930447,172.95381271881382,-1234.2953577598691,-1819.1320042791501,-1229.8831562188968
175.0580841761501,1568.9897238830995,2184.0516729571227,1591.758267098206,174.21666265209564,-1242.0547212874624,-1822.7510583187675,-1240.3719262383863
183.6407265779039,1593.486573745745,2170.5934876707597,1589.460957475552,176.49036299163737,-1222.3145209928293,-1834.845732531947,-1248.592840870419
172.79823029429264,1597.7204048870872,2173.3846102038096,1578.5443719511925,163.21219167446867,-1245.2248906206123,-1854.2971141306411,-1221.5417786625887
166.16757659132708,1566.53138010447,2167.566997179217,1581.2468032963552,175.9458618460477,-1255.784724226987,-1825.4825262742145,-1238.0101569921148
166.0778622425691,1563.6936049143374,2150.5488501532186,1607.2255091989412,176.58187650951908,-1241.6843055461804,-1830.7933575092186,-1242.1249728747907
165.71226906497301,1565.573892942406,2174.322857655258,1570.2849048376888,169.58379034941336,-1241.858089495873,-1843.994796877905,-1266.6689790227413
172.64001589891677,1565.2797274745208,2166.0808259973132,1574.8339971221455,170.0747990089946,-1234.5779516759185,-1836.0494855860097,-1245.3601600194766
166.0029335905191,1582.3045077141905,2154.2610769714224,1559.788524076751,155.09431384037927,-1251.6281766961033,-1843.8985740290882,-1254.3825986196962
147.9798678435729,1576.4575126716686,2149.115282228257,1557.489891603364,147.28975916795122,-1257.192649324123,-1828.926972134718,-1246.514442587712
158.42416812351206,1563.216888851119,2155.5588583953872,1558.8116145394958,142.39146258690354,-1268.5825844014898,-1851.4120289350255,-1268.8795662486198
142.36374864190495,1549.2963991161805,2167.0284335090096,1563.0161811725368,166.80437020791626,-1253.5560551988683,-1849.6514056824283,-1272.906756749485
147.48868902610795,1550.5536809033163,2146.9173213060385,1561.0005240989797,157.02953576552557,-1262.517180666102,-1859.5136353264184,-1266.6613695848105
145.7876871651416,1548.1328003584983,2120.586207537021,1554.896414600133,149.27799427208936,-1263.4161540453647,-1842.9809157936984,-1260.5087698059617
153.58485033478462,1555.6280925035637,2129.3440840195626,1567.6142187860967,136.1980786228416,-1270.24245266024,-1862.5322331149691,-1256.0939886300553
136.59678270426892,1563.3374302510424,2132.7230076648502,1550.635059213578,139.20677376895208,-1281.8082778941034,-1864.0338425574666,-1280.848574356361
129.30707446083335,1526.4638152639661,2132.1451503161607,1525.6970821036316,120.68774231097294,-1280.1154078480454,-1856.1807312289354,-1307.2336987510882
120.63455672069418,1540.9924008358867,2122.055613433066,1562.4783507105526,134.75517858553465,-1272.5356530323481,-1862.4315174925405,-1288.8143546885972
113.30157731188045,1547.2507542791166,2111.8992625116502,1537.7306313644217,127.3101372381276,-1282.504562951911,-1866.0857149638373,-1292.099870199492
155.15257004240843,1546.7574191863707,2139.8177135348965,1521.5787318115047,139.88696469387037,-1301.1968083985605,-1886.859630904254,-1277.973643950801
122.92066654893377,1534.7615602254484,2127.663284926652,1522.6338328747936,102.95268701356059,-1305.6454483603789,-1873.4445896795976,-1295.7040481237716
117.54867446646676,1525.2789851378777,2115.8901842706814,1541.5292734992092,114.47244699253919,-1293.3850274789947,-1893.8456471491797,-1293.067762582282
118.0523025779085,1520.8799213455657,2125.141412124037,1534.6812604642175,93.17240513044385,-1304.658171335721,-1899.3795759853253,-1293.7494659463512
103.9104547314029,1533.7333468036281,2108.8628760048755,1519.3531653909151,117.81367545496096,-1298.657498804046,-1894.347093515127,-1287.7507771604778
100.08789442606908,1527.5910980916294,2118.3680906446575,1535.5353026602616,96.86254264613304,-1311.027016552582,-1875.9909995698797,-1300.2674097912243
105.75403979019086,1525.0650270456144,2089.0637326172264,1509.1485230094747,100.02497519624754,-1303.7964801052817,-1878.3723194328863,-1291.5418353256123
105.99764880559955,1513.399452617572,2107.032096377225,1537.3671039633846,98.97181316662028,-1296.798773051056,-1884.1334561556253,-1302.195378809499
99.78692855765229,1516.4744963468427,2104.031875688847,1506.903931199158,88.00336533765521,-1322.445158577251,-1901.616895294837,-1325.6676890684641
95.32363188609112,1514.1663237951582,2102.740849490264,1512.3355201153488,108.84040891977939,-1330.3020923079807,-1918.606323660445,-1315.4986093073235
97.4870970085767,1493.2925342918743,2097.4606618299294,1520.1690878733498,83.88310754263382,-1323.5972139239477,-1910.4756950879023,-1318.7923651944543
111.91591343956337,1510.9966107948837,2086.7692035876316,1499.249671521804,93.44652412366197,-1309.9087797576283,-1917.8023952691522,-1318.8915483709097
104.72525920434154,1512.92702579316,2089.0699995204623,1523.0180607841369,76.38757221170283,-1333.418048496453,-1915.8206807646905,-1337.761092072978
79.5373199127174,1504.9577952839602,2073.030628093399,1485.2054253021347,86.87670172359664,-1348.6466534097613,-1919.5838948934388,-1348.8273302356936
96.62416520790308,1502.526803640971,2085.028443148702,1502.3751079884387,75.95168219390466,-1335.7950440724037,-1912.0871219278602,-1335.7270098110378
75.54854638148502,1484.1587034807205,2060.1929455651994,1480.8181670728732,84.27652945455655,-1321.804643617542,-1937.1170043929244,-1349.7311758717258
82.63003877734025,1505.0641917459607,2094.095704433755,1478.2692298615357,78.83982189996652,-1327.6642635614999,-1921.7755351186504,-1334.7688947277024
71.23923573909583,1481.9083860634396,2083.9898788872083,1482.941304993376,71.11841738020075,-1334.27977007486,-1927.5147400490075,-1350.388279794533
58.764138310066755,1475.0841653765883,2074.567066877647,1501.8633236079013,59.290648236537095,-1333.7614364515598,-1948.0661955859737,-1341.8337152023767
45.35733662067261,1469.7801868891124,2045.0108537411204,1498.449756418684,60.952290935098986,-1355.3362233465723,-1933.6822497446033,-1368.8974017399266
52.250083911671894,1483.2826187658518,2060.2255278059197,1488.260888383492,57.07744785064611,-1353.2902784218707,-1940.6311765528803,-1349.189215033527
56.19161111724355,1457.1425685047047,2053.42842575209,1478.5485078969073,79.92954325110942,-1352.3354580128441,-1952.3248874039944,-1346.5174107471214
57.9245199252406,1479.9183659602345,2036.426829333943,1466.9663138554945,49.916347579572204,-1349.7746385534729,-1954.986166187912,-1352.5682785728927
50.44455032925479,1452.7491118136793,2046.4370338054223,1474.6215649352748,62.20504210261557,-1366.2097275859485,-1955.6924444074366,-1383.5131152232748
57.267263772675406,1446.7536062454005,2041.0546114936922,1464.1274457944032,55.17059240511186,-1367.9127080295398,-1949.7236623346596,-1353.8708204206755
43.3817230070618,1454.7225448637007,2039.7770232482026,1456.6843357774587,44.034206904135054,-1357.705934838568,-1968.4225591310485,-1367.610152676151
37.4129517893116,1475.7787949089295,2040.074267852943,1452.983462079782,55.09394397983293,-1372.91626247079,-1975.962833178213,-1375.0905339457968
28.548939398999785,1452.4658689922212,2054.7888702383916,1448.696020276173,29.480187937392124,-1362.5913025456637,-1965.6386609424676,-1372.7554102878514
51.283460385383236,1462.0772798158882,2047.0695506988602,1446.713788898681,22.159699656901132,-1390.070683088202,-1974.160827083632,-1368.1401263271466
30.206957121341866,1457.1325370657598,2042.9732009216707,1452.5633052758467,29.882893785587363,-1386.9530632819808,-1947.1009883450363,-1390.2866987324849
43.469156980514896,1451.3965484952269,2020.2659477717782,1449.2145977808082,34.21964559528891,-1386.8750461338323,-1970.1668329332795,-1370.3268715440379
12.028032201547425,1452.105484815077,2024.3667119602958,1437.2871973228068,6.045515767689871,-1400.1878988864155,-1971.0916013908125,-1386.1119556210786
34.8699775733197,1460.6926113652275,2012.1712827832919,1440.7258768719362,23.711555517362306,-1386.5320404441543,-1959.6347640689862,-1403.4301417127465
8.629662375962175,1433.0974228645123,2019.7597034755713,1454.844492074038,19.35524099245937,-1395.4034298562583,-1975.611632869589,-1389.0613750241225
19.94908102589401,1441.3860194803447,2020.9895709835607,1438.3907070472344,17.705617990006825,-1378.2080036428952,-1988.7654322824994,-1387.5711478844862
5.3009329089167885,1427.4389424795395,2029.6966612051824,1417.1846797092599,2.0485048791063925,-1409.7960988397724,-2000.3017272230597,-1410.7894335197154
12.317669780421722,1413.037643629569,2013.2676371169164,1433.234252146083,30.52181343938321,-1428.0899239551072,-1994.5816954718155,-1394.2459787754049
13.164618586403687,1423.7949475738628,1996.8974049443998,1413.871862507126,7.182751629071919,-1394.4490097451433,-1978.6225773508993,-1389.5438947399552
10.936307600158448,1415.9974191662286,2005.4324020323802,1422.1017042032197,0.8743758125914969,-1403.206460729262,-2009.5043479969245,-1416.7434001027639
5.574183623329763,1420.3168928912323,2003.095941839523,1436.5573324270786,0.7417947661175468,-1410.872188755237,-1986.5996447543205,-1423.9785834361248
9.811172400976119,1409.8133498545826,2010.469920004865,1404.1599458812027,7.588565226439683,-1408.8021647261742,-1983.6424355100082,-1398.9255260842974
3.632891914099269,1431.1861762166375,1999.0315314465618,1401.9900613993739,0.8127014616236403,-1430.6216065410597,-1987.8443365569935,-1424.131673987464
-0.45897672284250124,1414.0989713609074,1996.012684276728,1405.5242127671158,0.7943337964144837,-1440.1380889422362,-2014.7239852275102,-1436.239044139256
-4.41339862673158,1390.5291328396954,1997.718880466995,1389.010388414641,-0.46740632558649864,-1425.554571872326,-2009.9339483528834,-1424.422462647373
-4.212231977828507,1397.7949340729165,1993.0671628079997,1417.443743862319,-7.518474815725822,-1422.6688317843846,-2001.1165606871941,-1434.8661064688533
-37.26327785227701,1404.0572597686094,1992.2527630758657,1399.1322847266554,4.12037756276203,-1428.9995338945405,-2028.523986335683,-1412.654737943458
-2.598933125586729,1398.02112202662,2008.0581798230417,1394.6792434648348,-31.011705390550723,-1432.483274078438,-2019.2272325080587,-1427.6552636896927
-5.273031361268192,1393.0671412247548,1994.2114961234045,1386.38781309126,-27.085669947731127,-1446.0600707808278,-2024.8448127875818,-1436.1017219500739
-22.619607029936045,1381.2484459053628,1978.0752605268572,1392.0254076289568,-16.617935071605068,-1439.2978143942705,-2016.1815383274418,-1421.7864224678713
-29.99577901565519,1390.2758301834633,1976.286419116776,1385.0774477152272,-10.20446008382292,-1443.4549773339509,-2016.1852913567695,-1454.0052612977656
-29.109038722462646,1377.1437016424434,1980.046692594663,1390.8546320480198,-41.456041227080874,-1466.4426781425705,-2036.7848592568007,-1451.807431295463
-35.187542833977346,1390.639235755539,1947.9218888116566,1385.7868363066648,-52.00978579656038,-1441.5988600294727,-2026.851487900404,-1446.7860146129033
-42.05323416984367,1392.7623430868764,1960.1750719444708,1376.4998516417288,-54.77281678760333,-1445.017334854568,-2041.1480884139278,-1452.6945949874143
-46.57974044148778,1349.4073780579724,1953.5176575687547,1384.5609526006683,-21.250999182104387,-1445.317012085333,-2049.819733675896,-1448.0616651733744
-65.09526489521622,1365.1652921416066,1966.1844063999094,1372.7977066319565,-59.5983830231781,-1465.2071164143974,-2047.8857929500011,-1467.9060514378186
-33.01013870296588,1357.9872596399932,1947.8041089764004,1375.1559823477571,-46.795657270823405,-1441.0410829009334,-2059.1337651189374,-1454.3372388926912
-38.22982565529165,1355.4682546734684,1935.0905292594643,1361.1378367665175,-48.6985519581745,-1456.230811400982,-2046.1290950962734,-1461.1062376052882
-53.90238766759618,1370.5211110307953,1951.5193912531938,1358.4673965132156,-50.57155344090818,-1470.4136406924672,-2052.058808912655,-1451.5064567491386
-56.25756343629648,1355.1679070747261,1950.4824823159597,1357.0361983783782,-46.829312737220015,-1452.98757573022,-2082.6430787694644,-1483.893341807115
-64.2916776474934,1360.926478990149,1953.3208639935672,1362.790621743112,-50.06951203841379,-1487.1191095975485,-2060.29820044115,-1472.2933464584914
-64.2152921705606,1350.6096692146023,1926.7624068433508,1349.8281695240796,-52.59818374732342,-1468.8693608506628,-2073.3403754917936,-1477.4030861715817
-69.59929518111605,1345.2279392333733,1936.063710399466,1333.5744516557043,-56.26730070011852,-1502.924374259835,-2063.637013184829,-1479.2740088455018
-63.457385242202605,1332.156876002007,1933.1511004057395,1347.232610122035,-61.277559749572504,-1475.7831662219846,-2067.9026140673095,-1479.9122833230426
-68.28935424772793,1327.0673880791153,1924.7824750215311,1334.9372369551309,-68.24535635702509,-1487.2584406482329,-2064.928585927526,-1478.0847818703685
-84.19762584856772,1336.8155305927266,1902.1297359113769,1349.6833445628124,-61.42398451799753,-1509.1782120714759,-2079.423236180111,-1475.5496604728157
-62.105168594632744,1327.8226833339402,1925.222653074007,1337.6079216936682,-72.26811798509031,-1493.6134757449356,-2063.4004094045226,-1480.5861727708332
-83.74359055793104,1347.0459887436152,1919.8188748564905,1335.4922404001622,-73.79234432891151,-1503.7845062037863,-2068.7556156907804,-1510.0963809007173
-104.99591467278509,1317.7611436749537,1916.8826602107965,1319.423450668595,-73.6266685877123,-1514.354533857927,-2071.515848907323,-1510.057068570296
-112.89698380747528,1329.95843026683,1916.0487260229377,1331.565763217349,-74.96348394071825,-1482.262047136618,-2082.9619053105425,-1493.4630357364108
-91.01491929904832,1340.671122148196,1912.686288640142,1318.0278323718035,-94.88272129262857,-1499.5311001968157,-2106.6094046390417,-1496.2328965118393
-91.35992367346427,1323.165499496949,1902.348273953322,1337.5348767585058,-104.99490239152803,-1519.9666404895859,-2084.618919499846,-1498.7834342799092
-102.69539682563942,1334.4475401846241,1915.190292546751,1313.5799001256073,-102.45993195765423,-1512.1525727594212,-2080.4147655278234,-1494.0480409024701
-102.1550754065522,1317.8021580938414,1909.4608061397528,1304.1537473801618,-97.93428373085047,-1506.3650347476248,-2114.434039726408,-1513.1768261615734
-112.98697313981837,1312.2724649954987,1901.445825924014,1313.15102619941,-78.12443263455633,-1525.9678009315303,-2123.0619309319704,-1507.679948402651
-120.32309691858691,1313.7744070951255,1891.7070511062423,1303.9381409433254,-110.72869645258957,-1521.0076736628725,-2107.862282999629,-1515.4954221260436
-104.77386415158635,1308.9099398892151,1885.3928449918274,1299.1491520126185,-89.3888317712951,-1533.9824830047571,-2103.536879559849,-1517.7841255613494
-128.57604706345523,1299.738166520847,1882.7888617506649,1302.9350426634214,-96.86434161482926,-1539.5217958700187,-2118.3015242532,-1532.6792024465753
-103.05581550726694,1290.3832686022008,1883.5630553850758,1296.0076160261585,-121.66995207502578,-1540.8407015157768,-2117.8651086831474,-1522.860888433118
-120.26327704807912,1292.5091596658042,1882.8421558432262,1283.6058425662916,-111.1692694869166,-1525.316054848088,-2114.308126115248,-1523.829643082915
-140.0038333524381,1308.4311968100244,1885.3423420646702,1301.6108560922812,-105.75487115948833,-1536.3950424724474,-2121.106671655173,-1541.6183218642843
-132.63893679450626,1275.2143356764022,1873.662256547169,1292.3253561783545,-116.22449261620008,-1528.0325452105096,-2120.61348341004,-1532.9805820998229
-142.52816008271031,1278.5426488744304,1863.8022923929354,1287.2657052297184,-132.11826323200927,-1549.2601681589879,-2124.5392939171843,-1540.902695440899
-133.45022771452602,1290.8504434233453,1857.6179490642478,1282.7969310174944,-128.88481207533798,-1556.6432968651498,-2141.9237280235966,-1563.2341516196332
-130.89116777017716,1287.9579214005478,1888.806810920057,1290.3606682260852,-128.78211487333067,-1543.6682355371709,-2142.407332070586,-1557.9192958983597
-148.39466958351343,1272.9618569023658,1890.636040955712,1263.4982663584672,-128.91946925318697,-1549.186898643882,-2144.5561327165724,-1556.404599743693
-136.92740032585806,1265.7366185705787,1848.5402056394362,1274.7178275672259,-150.63608500460583,-1555.8997021529913,-2155.1395430156626,-1549.187882741376
-133.0326161206716,1266.1339398653508,1856.0559847037907,1248.3772207451086,-146.63242938120786,-1541.1507801376367,-2126.7315316277436,-1550.2075937628308
-148.8519111121305,1264.1940057471345,1849.5632451078252,1268.990432225054,-146.38521537802947,-1549.3315520867168,-2128.1153926579127,-1553.3835969614047
-145.80500584322465,1263.7611461719512,1852.0330301419258,1263.812158062025,-133.32672618617903,-1569.3647136602729,-2145.8448667232124,-1551.8176444668538
-144.28297445801059,1254.9960235073127,1860.4026378571139,1280.736365866654,-160.435457252216,-1564.5985921924373,-2153.8973651754577,-1556.4227954273067
-153.16728068410302,1266.0781578177164,1840.253242337739,1256.959227272848,-156.96514845373778,-1564.984433941396,-2166.658394309486,-1577.5834713474892
-141.80221012536379,1234.7583445039568,1845.6288415751915,1265.3091975986874,-166.46122639532675,-1588.2005739468443,-2156.2187264187028,-1582.9080583475422
-157.01720975921424,1253.7331431191487,1854.2323104388051,1257.3953747364967,-161.60139136544748,-1560.8530116266797,-2146.194523904193,-1564.5666397207417
-143.4985373225259,1243.2816115729956,1833.7988035501835,1223.8439740704164,-176.11217788507966,-1571.3751628097207,-2158.7779093225054,-1572.8368586387833
-149.88424971955362,1246.3447679646983,1822.7219577709452,1247.0887615737106,-165.20552929000988,-1582.7509549535941,-2159.235837446803,-1560.217370055285
-180.14841711004215,1248.0538856806145,1836.9811978646808,1265.665771061206,-174.10696558477227,-1574.8294089735537,-2152.6258406984566,-1586.83167234438
-162.87208188133758,1241.2790937273526,1822.894284406865,1243.8230887238772,-172.71704153170177,-1582.396458591402,-2175.147671646531,-1572.3009266508682
-167.81811667829805,1241.208373545463,1803.6697703163413,1243.5150493885005,-185.3351167306952,-1578.7809025960385,-2172.6399897903957,-1600.0137196293847
-190.96310924034722,1228.5627933239894,1811.8871980495737,1230.4630687010722,-176.1588473355181,-1612.0045514815765,-2186.8915732678806,-1589.8447065416062
-196.34029913523472,1240.64422308678,1825.0979158733028,1230.0683126696088,-184.27100397998,-1590.7954054246204,-2163.284316582883,-1590.2351420477464
-165.68887730970926,1225.332347583729,1807.992869503251,1210.1165182692655,-189.4193329745607,-1594.429361248242,-2182.1781064136317,-1607.8293958395514
-177.80004380639798,1223.39127357663,1817.203650999445,1215.8677682227121,-178.51190597219113,-1607.6304554559458,-2190.17753624786,-1591.8566709463018
-182.11857496665567,1225.7695303261319,1797.9012482292592,1212.1887221929055,-185.6199316762353,-1606.906147860139,-2172.734506568788,-1610.0244756185582
-171.07635039167218,1225.0961722784723,1823.0490856121166,1246.12197763462,-180.77787355415904,-1606.8845080805372,-2213.86118591292,-1605.8790151481085
-199.8239879229972,1230.4293374428148,1806.24316502543,1212.0817507973793,-184.72553607017826,-1602.8391331007738,-2204.911186844243,-1608.0765474602981
-189.24930060257495,1218.6686477939866,1788.2801857593956,1232.8632058263925,-181.50341761028614,-1609.2847406926712,-2208.148922255416,-1598.6511387240803
-204.03191279994545,1212.874309721838,1810.2415330291642,1219.9772648749038,-193.92761213672742,-1621.0035846871078,-2188.625794424899,-1627.654520886855
-184.09216646369998,1228.820274230741,1805.0886697493886,1204.1141371596045,-200.12159102324597,-1610.570926294687,-2202.2797906601736,-1645.1717278086358
-219.9383779759901,1204.510737336773,1786.4675878709431,1210.0438529310031,-189.95688092364978,-1628.6193090629652,-2188.9129099497363,-1614.8385733060425
-215.66296872708574,1192.8183335947367,1792.3291290685995,1196.1574390175515,-204.1210070984769,-1625.072045760191,-2218.7951414027484,-1610.2538378628753
-223.08868479633688,1202.122627996729,1780.4983017524246,1208.8965844044037,-209.55848814985816,-1623.9549074152574,-2210.356778027135,-1630.1387116236751
-207.49315842278017,1203.6082283196197,1783.9576452400488,1205.1913428427365,-206.77305930243037,-1654.5461420839958,-2210.0318519504945,-1634.361551557693
-214.58567719049572,1207.2097264272747,1780.7707932002463,1188.5472909936902,-228.1761802020873,-1635.0987565051578,-2226.5494772117513,-1648.2304059731075
-228.81727194829716,1184.5718744679814,1783.6436887187092,1207.4314447785712,-224.37084310878416,-1628.0340532866192,-2238.6357838169693,-1627.7605488722236
-221.94280785016602,1204.4398480176785,1778.8737240080243,1203.569130966259,-225.09938404861538,-1617.8229089402655,-2229.30848548881,-1647.0075025695305
-226.46535708204226,1189.4466037672764,1762.8740350727649,1181.8754889552038,-223.777081788399,-1641.3909374508003,-2208.702395446271,-1636.4915351179523
-237.5670061407558,1185.206507488948,1786.176165686832,1171.7598676451478,-224.81360020642873,-1631.0694293167305,-2235.7753050466663,-1658.384913451029
-227.01293838894142,1181.8795124253675,1754.4317924996353,1180.8879487468241,-222.1704982618981,-1657.889938041214,-2229.440312033629,-1652.1968536492468
-213.09352222807894,1184.4490915812119,1765.2206560404754,1202.34653755767,-226.7874303532058,-1649.125994508083,-2251.4438373298553,-1656.1022674382525
-240.5898955293304,1183.0106551525487,1754.9712018525543,1177.3558365172282,-235.9980429462716,-1650.6960078979484,-2234.0494491924824,-1643.0054049978364
-256.609049890255,1168.7960099223353,1757.0991946723261,1192.1736105823666,-232.19963747170635,-1656.9080967677253,-2239.732032617571,-1665.3515325885535
-256.4773378849412,1169.128328049389,1763.2859822559922,1188.922271827866,-236.59383644921115,-1670.593805819115,-2242.367329012419,-1685.9896202803993
-250.66119031198548,1162.575753105108,1764.897443633425,1178.0858825620453,-230.94579053299984,-1672.171855412456,-2241.510508085464,-1667.5923118793394
-254.6677501463606,1155.4382070367767,1745.4628504119537,1157.2863588973653,-250.96329716339395,-1659.3563389980868,-2253.406741978807,-1658.742132646047
-249.1390665789026,1174.4216778485818,1747.0159404317872,1152.7495550481474,-257.8385055785618,-1669.5255566723815,-2252.5115508610625,-1654.7620759196523
-236.2702219277166,1167.425613520997,1746.9901620229537,1174.286113243889,-262.06054674619935,-1662.1545753076193,-2243.753488256124,-1674.6797959035275
-249.91751652085188,1168.4822592858613,1742.1945766459085,1160.190252391916,-264.48961182981986,-1672.3923909395687,-2263.1968433834054,-1665.4818685544778
-256.9136794075629,1150.8074013298076,1714.8638114370763,1164.6445316505917,-252.15486925250093,-1664.3256065569367,-2265.0047838237824,-1693.1522162918875
-250.98103882449524,1152.6417486949597,1742.9357071475704,1146.511905952101,-255.52868224554885,-1673.3014695719658,-2267.0284401719314,-1666.7619063459354
-276.53580608769704,1133.5623876191953,1720.7154719578582,1160.4133843255515,-273.7566313161131,-1690.582003024594,-2284.444356711419,-1695.7859360397192
-276.4566915520114,1142.3833271130266,1730.0019620062467,1154.1167694929377,-284.21019100680576,-1682.1811873485456,-2275.1923758711937,-1681.2343361899032
-265.19926895633546,1141.8524416429377,1731.2193474226083,1146.303238181844,-284.94306347920195,-1684.6845056319878,-2257.731552762999,-1680.3349470244998
-294.22346559164555,1158.7230249549618,1739.7138647262839,1142.2063384360317,-284.00002258695616,-1696.3873065358227,-2286.2565447555194,-1696.8799824172777
-280.02798023075957,1131.9698166189098,1706.992200793338,1133.7190370986057,-284.4742905593639,-1686.0232296239442,-2265.912338738114,-1690.6784195875566
-275.1582308943101,1128.536033842338,1716.7351492437608,1121.4048895385067,-274.6277480215389,-1673.3018670232666,-2285.8629750435916,-1697.7008076632271
-296.245783591197,1128.6653971577437,1705.9521880174882,1125.669394189235,-266.2870650572693,-1681.170386941606,-2285.6083252057497,-1681.7025626353714
-290.84641616374233,1135.7437265618162,1736.8870156835935,1136.500672514899,-288.8337238076155,-1691.516254629215,-2280.7828869742602,-1680.99493676079
-293.5767945886788,1129.9554396657977,1685.2913453065323,1124.5598201586363,-291.9690276182546,-1712.132010708028,-2289.0128165735064,-1707.4596334264136
-289.68679469372904,1133.856173966396,1700.5000514783974,1109.127654998384,-295.68231951715643,-1707.1697672624111,-2302.403041177612,-1701.035743634861
-285.1461768374428,1102.3531374999027,1710.0145730984266,1147.2685427092617,-307.05919456561134,-1705.1572263568473,-2281.2612318455567,-1695.130290043379
-292.6444924622992,1107.4968946930535,1709.9895676678268,1118.0267097939377,-294.9141796124032,-1713.0154428068943,-2294.0382961064197,-1706.1835097585547
-293.82357684873415,1104.7288172915885,1709.0950028201541,1118.02210576712,-301.7128284611727,-1713.3463697657485,-2307.1178504296713,-1712.9580651463275
-303.3712631577769,1115.413018110856,1687.2083512211425,1112.0106240080715,-274.9999587144267,-1723.459369531863,-2296.6386147283233,-1716.8278604203103
-277.72750810759607,1090.5405867321174,1695.1844824612824,1104.689718113061,-310.72792526504173,-1720.8704316018102,-2316.133718984622,-1716.9751918143118
-319.99477139478574,1104.010186460112,1702.4255973366662,1122.1115542552518,-304.27518850740245,-1714.41189309602,-2294.274109970132,-1726.3938935728622
-300.20281082983416,1123.1511840017588,1686.4029972521348,1108.4534892164647,-315.9438411964725,-1725.8538073736502,-2295.004523743851,-1732.9219778362435
-314.59428872096277,1102.9222670855277,1670.5983164844447,1095.0564612494727,-298.09420233341945,-1727.098624275494,-2297.9182832309407,-1728.8318634559287
-321.25538360870604,1086.182610997957,1696.005069880337,1107.257769926505,-328.5363240742629,-1720.4104337210465,-2314.5705886936516,-1712.7876620538143
-303.13872487244686,1118.0368046726073,1687.8571232204317,1107.7820588571976,-313.90631474254366,-1720.2577355229641,-2307.606790181942,-1733.0716111314061
-323.79472255147687,1103.309758974847,1679.463444795285,1102.2813794558965,-310.0660931585543,-1727.3722200919833,-2312.7797117657797,-1727.7914804705151
-331.24224729159687,1092.2181486625416,1674.8327890293901,1082.3629861934924,-317.92654755939895,-1727.6987706602256,-2315.865348476672,-1744.699400739003
-317.4059962685252,1099.4531379973173,1676.8248522670665,1082.8863636077776,-327.14524819992596,-1720.615703993294,-2310.839039809214,-1736.3296326301731
-329.6076104834358,1086.4853194495245,1667.9722765088734,1088.4091795351824,-330.69862945097753,-1736.2955050526994,-2328.826956845952,-1728.734750534341
-322.60089914992636,1095.0688421866475,1660.418750513248,1084.2486791888389,-309.136125619832,-1746.2400561410716,-2320.650514186672,-1740.479575265252
-312.1154524453253,1092.3416830316455,1666.4035010888924,1116.2260741410441,-340.4840486570075,-1730.761410699346,-2313.372494349893,-1750.3973737671554
-325.74534328214094,1076.1268919620616,1681.0228903460363,1080.4261560578761,-317.84588152530233,-1730.822881126807,-2319.434711543141,-1734.0270443331558
-332.32485584254454,1070.5654873935432,1676.847476744003,1087.6601067510028,-333.1818412690584,-1765.4452986429462,-2344.7009648373896,-1753.5113795507532
-332.3872165385028,1078.2274171901986,1686.7838955326642,1073.101273215524,-329.57299996871944,-1765.2662836806444,-2335.9289142030825,-1756.0752640782482
-348.83268761208177,1076.7199285301028,1656.4723029908878,1068.7843334470303,-336.37940137010685,-1742.385272469422,-2329.49467549723,-1754.927940793124
-332.47138468941694,1083.354029969115,1661.0116229973155,1063.089617345691,-331.2673894038376,-1752.0683317227542,-2325.6487182304663,-1761.4995929848528
-347.96292174227034,1073.2124942870869,1658.8699244149343,1080.4540454129387,-338.3514516924198,-1757.132190256034,-2320.0452892419316,-1753.1461491372997
-341.50160448141753,1072.9012378652512,1658.0011079624808,1074.8198196352523,-339.8496078756198,-1766.054762287294,-2357.919146433244,-1758.0201942754863
-354.54399528988375,1080.0918804505013,1679.459955766539,1070.8952950123862,-360.32465632053953,-1750.967587693308,-2352.5895340452557,-1744.851811035866
-351.5847512767193,1065.3237170265236,1646.2434735684037,1061.877190816719,-347.8805751930689,-1769.435924690566,-2347.7573433135913,-1762.2314711146282
-357.40101943038803,1076.2995590509202,1646.617129041919,1080.8783413564172,-344.2093544949584,-1768.981434327858,-2341.674336522514,-1773.2868749276884
-365.67954661299257,1080.3121880049077,1659.8672865748374,1052.6447581401592,-346.04805833758735,-1778.6368087354645,-2353.54280830396,-1772.3446136151679
-338.87014109447915,1065.3196763305086,1650.033322022657,1069.5710605521524,-364.8976855439746,-1758.492476116061,-2352.959490465121,-1757.5906563430165
-358.03242605814904,1042.8766257079867,1625.3847561435575,1045.1366350468536,-363.10814419072045,-1781.1103674335711,-2347.4147524335995,-1753.945886368782
-350.3580543348921,1069.1010533152025,1635.051018276155,1045.9788638056746,-355.7573290988355,-1772.0022100117205,-2336.8797487643046,-1789.2729953734274
-352.9449181935208,1056.900211717786,1629.7443869123179,1049.271647958386,-365.7792638350414,-1774.6419946758224,-2359.3962530195904,-1768.7696007539037
-362.9064776652058,1070.0036688623477,1642.9297523225023,1053.487065311343,-376.88540756814376,-1770.627939216698,-2360.105648923487,-1785.4246557675242
-350.81873911640326,1046.0854378332917,1625.4171736018282,1055.090970588129,-384.7534849106321,-1790.3921986576781,-2359.3529981415018,-1785.6986452411693
-360.9511244246701,1042.9455501648126,1644.594273839574,1060.7781936235317,-360.96133845479727,-1777.2583062454462,-2366.846492601758,-1791.1496106286813
-382.3289520154404,1039.7030408513224,1634.888701284672,1032.0612574304428,-380.60013780152656,-1773.039808179267,-2368.4962657022697,-1805.846422368636
-387.0405428151294,1048.732827843312,1613.0307717031242,1032.7836333855842,-386.99844940163064,-1794.032688871393,-2382.205259454605,-1779.0551237824784
-370.14747081338794,1033.7862954793836,1615.5526765419638,1043.3117428922412,-380.9046670466541,-1784.1215515164051,-2369.3655165688747,-1805.8536050463536
-369.29637491260866,1040.7226735059994,1627.8381666211087,1034.3468189011198,-378.9103112261559,-1794.8994583041679,-2380.3468934767375,-1794.222632562253
-385.41253037777204,1034.9015827655,1624.8964374975212,1011.3327038608401,-382.8741681591022,-1810.6052378127329,-2382.091963699953,-1796.853567609491
-383.21259326905175,1012.5116202940859,1615.4193752589038,1030.3644726359757,-381.6586613437197,-1790.2997234192762,-2376.579452522731,-1800.9285982183596
-367.27641997070526,1050.030895610542,1613.2363849171002,1019.6338698794461,-364.02869327921337,-1809.19124104693,-2372.2723577289494,-1787.4807180723967
-393.07083507518576,1023.2453057573906,1618.6270057230167,1024.167836417781,-383.17036464673583,-1798.316440301166,-2380.5855805549604,-1794.6246235743395
-397.72233498445826,1038.1145869736802,1612.0824556202867,1012.0416455593902,-385.93029855384776,-1799.1607970568682,-2396.002816223913,-1800.3200336029518
-394.2087726487207,1019.2172945515774,1609.383300136094,1025.6383758583036,-387.5575115974223,-1797.7678590157188,-2377.2797701104882,-1799.4573152060434
-392.61503816562856,1026.6487619322254,1613.911966542521,1031.2254047854553,-391.44141491838155,-1798.10699061108,-2392.7611642388274,-1811.5010911560842
-399.33069420219726,1017.9803576017425,1626.7773603309006,1008.652841492477,-382.98756195955684,-1816.6931657330708,-2394.8009690422423,-1823.7193872201258
-399.24870402111407,1024.2087686797104,1597.155792152778,1034.1844879901748,-404.446515616642,-1826.377738700346,-2388.5232401592625,-1820.765951971785
-387.8004773877793,1022.6453872589749,1611.804368102555,1016.2709095720983,-389.4903737585176,-1799.713165084673,-2403.8879001039913,-1808.3462031164268
-409.6630384461993,1019.2853631461993,1608.7563933862818,1022.7033669345712,-396.6325074252296,-1810.1619542132364,-2407.6762789681356,-1814.161623573695
-385.8673477389815,1030.8443101863058,1599.2629104064006,1009.4493960027943,-404.8013390685074,-1822.4786354504502,-2402.836563498188,-1820.2226804270456
-417.8490306553416,1023.4769496037162,1606.1825560825912,1008.6765860143792,-411.3495173962812,-1809.685457293839,-2403.6205884830847,-1832.2286060221243
-385.41268103367594,1013.3237440757831,1588.6805630414437,1017.3465593421181,-405.12583795875685,-1813.904290738308,-2404.339689655505,-1829.2191462052922
-402.7272850932494,1002.8690566869872,1604.4073154044213,1011.1730992627466,-388.7677235586376,-1837.2995612841585,-2394.9944049955852,-1822.7483942515646
-411.36373332316623,1005.4148628564602,1595.1417976088235,1007.0299770399057,-404.93269336439823,-1828.4257745101952,-2407.351379512699,-1831.108599545287
-414.65256617551455,1002.3518369098748,1590.6945138170302,998.8758497560333,-407.7223086078855,-1843.8571613369734,-2417.862590667545,-1824.9454496381684
-411.99916615993413,990.2885101057776,1578.6307538059123,996.6252722886833,-423.32045232084334,-1830.3688765136646,-2399.0863300342,-1820.6928464627842
-428.681336132673,996.068445471351,1583.7685343429569,992.1473453475604,-405.741954453922,-1808.1719470716134,-2416.6931152350294,-1823.5818685666454
-417.87570521800836,994.9140042556567,1577.4052256041573,1007.1048820361405,-411.348352128606,-1828.1874627335312,-2411.078649580958,-1813.9492208553984
-413.150129217656,1009.0004297055679,1602.722818825472,987.6564474212666,-427.2834498939462,-1824.900561723531,-2411.629534741726,-1830.9702791532925
-410.3721230604688,987.9942734171069,1588.6728588389199,979.7176407970194,-416.80749648465223,-1833.6191429805806,-2435.730952830322,-1824.8098520518101
-425.97384290803495,1014.8173871154723,1583.101153755564,974.1869236568399,-415.15914989100816,-1831.0083555514,-2415.974702980507,-1857.5593802558722
-420.1078645129085,992.4463995764646,1556.5432940133528,1000.9581038732192,-417.71055834019836,-1834.884695715609,-2419.352001704354,-1832.3615797383816
-432.72275060331555,984.7161202422276,1587.5472537609962,989.7529605585896,-425.19212271533996,-1856.7217898489562,-2427.6140113670713,-1846.534710060519
-412.49106113080836,995.228021238389,1584.6420157511577,978.004500014803,-438.4648339886063,-1836.4716600939305,-2411.5821562192596,-1835.2478098186164
-428.5628131916625,985.621242481298,1579.8306570238449,981.0525778550426,-422.72382456888846,-1835.1668770073786,-2432.057628387233,-1850.9384039310974
-422.33967453911333,983.2944423512604,1579.7874416560571,991.4855935478715,-427.7157885664627,-1843.1124870750568,-2441.218575867075,-1827.4409347280134
-437.85339840680996,987.9808431390063,1562.4781457029676,990.1139250654669,-447.7057236837741,-1834.0962207562347,-2420.7497270622225,-1832.0554797535513
-426.6482775642208,965.3879122770929,1578.7988125029779,986.2008646048171,-431.31006424738825,-1847.5654669594337,-2429.115455722197,-1841.923984815565
-441.73118514552414,982.6411415666554,1576.1745557373144,977.4570305539631,-429.8282657772535,-1865.1806633492984,-2436.43251553308,-1834.0615059607517
-431.77626308038305,973.0348889485109,1563.749450875671,978.3274650629787,-447.30273315359585,-1843.361747815213,-2426.2227383843806,-1843.6339428029917
-440.20223171083893,974.594942393243,1572.9972670967886,989.0210664914309,-451.9717710260232,-1827.956942673093,-2440.5216413274316,-1852.5565112285653
-430.6103402538812,987.5605891358905,1556.1469295469733,988.6866792906701,-430.80607784091427,-1852.8059528892788,-2446.578580532764,-1846.925681601027
-436.17117775185477,986.9897073267209,1579.266463083231,979.3208998535545,-434.000389332096,-1856.27430951493,-2430.9941034842896,-1862.4779393880765
-453.6317391284293,966.6644072822863,1570.0657567796773,975.0649290917574,-439.1464516495766,-1855.0356064761847,-2434.182296563623,-1843.4074760505341
-442.07592670136523,973.1706806430966,1555.0830869599138,956.5418597927696,-443.4886779813833,-1846.248248343304,-2435.7048454456262,-1838.5332642884189
-444.7686584971193,953.6340883717625,1555.2919746258442,965.7707844044705,-457.2307147346076,-1843.7641429983123,-2435.0646818618984,-1857.7027714075512
-432.4562563797416,961.898165642589,1546.1053091967374,987.9696578210234,-451.76965195505477,-1868.7389266021376,-2455.0695456872786,-1863.749552496044
-443.2273926365457,971.3419094518083,1549.9084588723233,970.1029156632932,-458.27716251411346,-1864.2708423375973,-2448.591364151533,-1858.3751250202406
-457.1991800306448,977.1830938265505,1536.561966948367,967.4747842407361,-434.26762487649984,-1865.2881962197773,-2435.9249692099015,-1866.890712568788
-455.27750787611006,978.1410043018142,1537.2006259249008,964.4126630304102,-461.5796871467455,-1872.5124785663863,-2442.1281499060483,-1852.2694324143586
-451.07547944528164,955.2258590401137,1553.7090039575053,959.7499211407641,-456.7753951645818,-1869.825100121351,-2455.4373329901528,-1874.605168126534
-445.00922386240705,959.601362732995,1551.9181852924692,968.7122587243402,-470.6973481858495,-1837.0600271809703,-2438.844036356896,-1856.4576116602761
-445.63012263716655,951.9065203129159,1541.6696111806373,958.29717836872,-469.61773004148006,-1880.9224184842506,-2442.409200450892,-1881.024394567101
-440.2373841863206,954.637093448245,1532.575434243336,960.287239546894,-462.53099655528473,-1863.5340897752874,-2438.03654819167,-1879.545137509338
-454.57406483583213,959.5655910724345,1555.24771436443,966.3050472325965,-465.87485476121884,-1876.953272003619,-2450.453652006726,-1849.7429920166487
-469.79933997011625,957.8887948741923,1538.0117103546834,948.1782169057118,-455.494668877574,-1870.913332371401,-2460.1945280394243,-1868.038353274923
-447.38501032947477,946.8726239277452,1552.5647904471955,950.28636388594,-466.95635494702844,-1879.0962515962462,-2455.4711231305428,-1842.581771243166
-466.8402309429127,959.282060113569,1527.4145766798965,950.3918381875212,-446.80052285171104,-1878.7866341021368,-2461.8251612694644,-1874.2786044841394
-452.5652101886237,958.048360274081,1524.7978555890218,949.003114610716,-461.76697732203496,-1878.9188756765154,-2450.3614356290473,-1871.216463933541
-465.8117589238495,938.1445161901314,1536.7487704092068,945.0447119781929,-459.2606906920524,-1880.10550077611,-2445.356531843017,-1852.1999699684131
-486.5953300332692,952.1904826912105,1521.8662447696968,928.9121169291662,-465.0972101005429,-1886.1810536535713,-2448.4214697792754,-1879.2957848637889
-453.66592591546004,933.6507109781868,1528.4542569787313,948.0440620184314,-465.69041260161873,-1878.7241877622557,-2467.7357623929465,-1877.428199846667
-475.22971073668396,952.9507337385088,1523.073957234496,948.6465851209969,-461.58337603022983,-1878.410560368189,-2470.6740422653756,-1881.1126639346653
-460.4253496099084,930.344897955955,1539.1881350258634,927.8507320743826,-472.6964810115757,-1876.546461543794,-2463.484989994921,-1880.9406743558163
-478.8191418778686,944.620317472272,1530.925888522092,929.8139099626621,-484.3402166845977,-1878.2371393052435,-2461.3636400784058,-1874.2838820012669
-485.08223368204443,936.9705728734364,1532.9017087191942,942.060788500092,-450.9353121163064,-1889.5418863526884,-2486.197862679854,-1886.8413789337715
-459.54584071653625,935.6069884563125,1545.7727217454765,967.3746145627008,-472.0752339547244,-1883.1820811051236,-2464.6437350286487,-1880.2274548664625
-466.0507127114105,943.3553859438412,1525.9309613875598,947.1037855520873,-469.3870973509253,-1889.5345464052125,-2480.809846629196,-1910.6836238500377
-488.4127777187602,929.7936302481944,1532.315244548775,922.3837744856503,-476.91027454617847,-1886.3433122752267,-2490.159145675685,-1871.918607428143
-467.8398575549381,932.5953504530177,1534.140620929335,943.1744701636912,-487.0007851850588,-1877.1383374329516,-2467.501695351334,-1884.6995915615187
-490.6266663896373,944.2471443340496,1535.9707317591995,952.3909733463905,-476.72631535175793,-1884.9732638968976,-2468.8664956780394,-1875.333139578261
-480.8920758070748,934.1286485442429,1520.9816527761589,933.2775587823721,-472.64671670948803,-1875.423398069694,-2485.7615821269364,-1900.8605806230455
-471.9255639160598,934.3299488925596,1529.316563450787,931.7015894232924,-460.1404361175691,-1897.1369113364274,-2480.1751748316774,-1896.2098978939307
-476.6154897100803,926.8112773287048,1524.8160467189437,914.5314078894295,-485.08345448075096,-1878.7715328430165,-2474.7946469523304,-1893.8888618916865
-463.30903903523415,933.9988636667451,1512.040960096937,940.4712554894593,-478.38884898201326,-1888.7980531294497,-2475.348488641664,-1882.5926745915938
-490.46659704027155,948.0353715866714,1536.8726950781715,950.2478146222676,-479.4525456212541,-1893.267149258942,-2456.2765668713196,-1887.6661175971512
-478.9224159362204,929.0411143496138,1520.1233830487142,939.6984461720508,-455.0866814040601,-1883.7000458151408,-2497.483125080931,-1881.2547279807297
-493.6797391696687,935.4789382249595,1516.4469973555713,924.3480851397583,-480.3283691801465,-1905.902600574461,-2490.2160285631135,-1891.2207938173212
-480.41556488146756,933.4470075082505,1514.2023634561274,929.5358169329189,-470.38573584693467,-1908.3889594728441,-2490.9391746474976,-1904.9136936284178
-469.7624093943986,916.8716973691544,1511.9468120577806,930.2823222657665,-491.4653487364715,-1899.1221644794002,-2496.656227622741,-1900.3928276320232
-484.0200757463168,937.4385568887382,1508.848344343335,932.0889835912722,-486.3111915623141,-1905.9580097004114,-2496.3163181538544,-1903.2733869224244
-496.50761862762755,955.2906661535003,1487.350177443108,935.8879371954959,-490.0080073196533,-1897.7044296409601,-2473.5455645030593,-1878.7444039908753
-495.089029864158,934.1127007004137,1507.8816940606625,954.7037327508054,-481.3293578359298,-1908.2891629326048,-2482.861117714277,-1895.1478889442965
-466.3904522680782,933.5112388296567,1520.2266297845238,915.4263191898233,-486.94587960953214,-1887.2796750951106,-2482.8968240803874,-1890.2644074947414
-483.29901131009234,924.757602379538,1507.2027988292432,910.160897231533,-487.9632038721368,-1896.5038398766194,-2476.061352569196,-1919.329987186383
-484.9749109678772,925.0485552597506,1519.6537928295256,918.7988088035105,-509.48734500376804,-1904.2564733214451,-2505.9866695376686,-1900.1001759767007
-468.34505854872185,902.9939646444698,1514.7578760811523,931.2837528004233,-498.3179002024418,-1894.2422207154918,-2505.07454947045,-1906.4495720568734
-495.3613859574342,939.4014010461682,1497.844973405124,919.6618763877501,-478.3302891261526,-1900.067429958811,-2483.527366510806,-1888.7039661990357
-474.7274650656322,931.9557149110303,1513.4892363127208,933.8041305074354,-502.4211056388869,-1890.0181454429433,-2473.5239354630025,-1896.2609937188336
-496.91739378709985,912.9709503522362,1492.3190356397376,942.1163516602612,-485.280574871418,-1919.215266360107,-2491.2819449030007,-1908.171664396712
-485.97885203851683,938.0484130683838,1504.8659004225024,914.5516122808725,-485.882706661878,-1906.0436055765194,-2490.0590881293483,-1885.6809730058892
-483.74866911442086,925.5092520707005,1507.9896608529432,933.9629319710538,-485.90215900093045,-1917.9835817956605,-2492.487766305857,-1898.6984871614245
-476.2648778304543,934.1340368132261,1505.8679043695886,920.7032651546021,-501.45572764448326,-1907.3097631653172,-2475.0658367909978,-1915.6996453883687
-487.3978057061767,927.0086899028945,1512.9376759293984,923.6193172310441,-495.1050417878998,-1909.4056034588662,-2482.3450516503035,-1920.8191281141387
-493.2793626514152,922.5000609689612,1506.663794047618,918.5293230284316,-504.28583863700385,-1921.0074728569675,-2500.840188289732,-1916.8631461831287
-493.66654826153535,931.419427224116,1514.5003491588589,931.3655856964203,-482.1198601483225,-1907.8769085095082,-2482.6199470685074,-1900.0916159853778
-492.7944625544471,911.767053573737,1502.9363145138643,909.7396716418756,-504.8474779176089,-1911.5621251370815,-2484.5457032495196,-1890.0052569989227
-505.03811148075744,918.1846739443962,1497.8613909213734,915.0922513243485,-498.252485225789,-1903.0392005774315,-2498.3353356554194,-1900.101326738677
-507.55251769716205,904.0948774909693,1499.0244287577468,921.4381997435239,-488.21411126981894,-1914.9023957337283,-2503.619017513489,-1905.0792845729966
-500.31239911497056,911.8889987023871,1502.8127721749768,907.0819444958701,-498.05282944615533,-1891.4908477084196,-2505.0892749686527,-1903.0921943485444
-489.7759867687888,921.7088777222526,1493.6221756028447,921.1008920723617,-499.5903963360319,-1931.1668915408334,-2483.326445389408,-1885.6323906753446
-496.4484616552825,910.704720937829,1505.490015170181,919.8605105109142,-522.5640153606714,-1909.6109243502535,-2508.500580306954,-1901.5747986598185
-507.16969424998223,909.8826253010585,1498.6302672122843,940.3393998815792,-512.2471006978693,-1897.5722818498928,-2511.7738704262915,-1909.1972943165415
-472.45426997417763,913.6978632748613,1496.803822806334,909.1619500848467,-495.3817220728505,-1901.3209826136876,-2510.64833769671,-1912.8666372477746
-488.4034558494838,920.74807929927,1501.90099693887,927.6029330370903,-509.59227507651366,-1904.7471672573781,-2497.218634779352,-1902.7702139463934
-482.07114259567214,910.0821530507029,1496.4685970800317,911.0909162420706,-480.7382900293119,-1927.7196679269327,-2503.4635882013554,-1888.6398877952674
-516.6626964702746,926.4718869436946,1501.0957389957885,896.4112848336276,-488.43224222651133,-1927.9617889451956,-2497.0375708827946,-1910.1601828671019
-492.70643747247004,906.4694999693215,1510.7285767538447,892.8751030413935,-491.8474159498795,-1912.6074781887758,-2497.3155312283197,-1917.4170553220774
-500.84549866752224,910.2358461011339,1505.5438088021633,909.1361311617702,-505.5691184121985,-1907.2002568317448,-2492.6657079258,-1902.9216862641815
-512.0377980825965,898.480277273226,1499.6526835318634,911.7733512545609,-490.18307242550094,-1920.926662747868,-2503.0568824993543,-1934.3762247687707
-497.9168649167926,900.5144101868018,1505.6398295221227,927.5112375555786,-477.5337051928403,-1921.4869641565174,-2489.8516685752793,-1901.0045132764258
-518.5235240690038,928.2976979467202,1484.0067228309276,924.0518612416539,-501.6110273147062,-1893.4382787980803,-2494.093577305793,-1928.221558524949
-495.1110753594955,919.9107361711725,1473.7495539877013,921.0928820457618,-512.2838785547899,-1892.7611406850892,-2506.449124450519,-1907.1485962352442
-497.26324122766533,896.5657440562928,1511.2262030104343,899.8480479400282,-496.19238955806844,-1919.1435598201308,-2504.542839067511,-1907.0431523869834
-472.82945015574194,916.4798180374642,1494.9042462183986,917.9121510021181,-500.85583119696247,-1902.2873692168594,-2509.6791516138205,-1908.908934316143
-490.1158650741527,913.7941190426844,1504.8556964919565,895.3215282676052,-492.98011170771514,-1907.3121533333165,-2503.547365859071,-1904.272766962423
-504.76940107216194,911.4700816646915,1478.3775780266374,923.1729933757244,-473.21046944324115,-1905.7796151613957,-2497.5546025485337,-1917.247109994378
-498.67519280405304,906.8609219466127,1481.3639064977392,907.6749362316099,-502.65163152730435,-1904.8922396417604,-2500.1558163659834,-1908.9105103982656
-501.5072122230296,915.7992320700167,1509.6541413594716,909.1699639709735,-491.54576407054554,-1920.9803325065097,-2513.8779521240544,-1907.1399122761752
-489.69841190442116,929.0957876622451,1492.7677652444015,904.840562497089,-498.1137135693787,-1906.3981270783725,-2508.841710450264,-1925.448416761302
-492.2431497277602,911.3206524694998,1485.8689436139034,904.4881077719328,-498.96072668469924,-1916.562959084086,-2495.7459512482337,-1911.7084206782608
-491.49728829528806,924.3759167700425,1492.1852896459452,929.0981005725685,-517.8760752410819,-1928.7506822564262,-2501.2045248873055,-1899.2919585981408
-488.1879001554854,906.9502190835651,1484.628248130036,909.513073222208,-507.23562598921507,-1931.4085690006493,-2491.415178961872,-1914.7212842173208
-490.7096378387123,909.5483705570919,1513.327052113822,910.0082612524318,-503.101994481426,-1924.7632740480087,-2494.2263385277647,-1916.9316367225158
-504.9513650424847,920.4750061671631,1503.862599772032,912.3880776730906,-503.0544629272025,-1918.0304967983943,-2519.5570331623903,-1922.1623499626319
-480.35124446442614,924.0081968847888,1497.6711942480226,919.6280861408338,-498.52022174830665,-1925.1684083900482,-2492.863164469437,-1915.089241672682
-517.8538512039738,907.6784532376928,1496.8320196922753,927.8534188850095,-498.4451887728008,-1917.0772736215783,-2504.572190369002,-1932.2391979768672
-497.71534040130683,915.4751487197841,1492.018988904455,921.3521857235603,-490.07423525607743,-1910.1162949511358,-2502.9653028892794,-1902.3618793987805
-506.794955492752,912.154875806818,1498.1640941821747,900.9640697834005,-499.6940934478562,-1910.4560648663232,-2499.405422609776,-1906.54130992236
-508.25882967246656,918.5998771301438,1487.8417784209466,914.4892977154203,-488.53459237187957,-1910.0390571515877,-2482.6524873881467,-1909.5634509475383
-513.2528705616744,912.5291939258273,1505.9437011632006,916.6353898665047,-507.89505794773123,-1904.9975383055335,-2499.708271717649,-1912.1897410789486
-508.4609453882739,914.9355109076145,1510.0147207179189,919.5559416252005,-506.0697607508056,-1925.8416694826424,-2496.9829248910755,-1915.527937015471
-485.48969479369384,942.2414785752152,1481.4130831803964,900.4441241746617,-502.0372149353006,-1910.1423097116253,-2487.8651300210727,-1912.7120415978789
-484.9767119363054,916.5850027080613,1505.3116435225916,903.2326653502837,-494.69177034234934,-1921.3316234231488,-2494.811628630386,-1899.902132595757
-495.16084977539725,911.4106861425446,1493.8720710750156,923.8657421813605,-500.179716411311,-1923.8854166445758,-2518.359063743029,-1897.7183023045066
-500.76307098801954,925.6604506735194,1512.8733994236375,902.7192887238443,-504.65329148898667,-1894.6997022114713,-2500.7726828264217,-1899.8397688600594
-493.53768809105003,931.2241184348206,1508.80763572807,919.4017983243932,-495.7793866836361,-1936.8028303402039,-2513.391243606142,-1911.148042507936
-511.25606698377305,918.7593281963233,1506.4475496226776,926.3190253096999,-492.8079641974565,-1914.6740820321163,-2470.4805283628043,-1902.1941036567391
-514.2690433844748,930.7549809177286,1516.8659914580976,912.5556062878461,-509.1696558941892,-1904.7597682251471,-2483.2450738306093,-1917.3586215957307
-482.35710522109105,924.2689408893328,1503.0593042527344,915.3166086393992,-489.7530684806698,-1916.1963018040221,-2518.850420470271,-1922.742242319958
-514.7136375419826,920.5355603278207,1504.0921766006134,906.4652446409212,-502.2278579232387,-1910.1098976629862,-2496.8141933929473,-1906.168951523117
-487.9781410438486,921.1001428192113,1503.0010778743506,914.3184780261635,-500.6651991205144,-1913.2690983620469,-2489.608867173874,-1925.8710309614103
-490.36408149335267,927.4977627262276,1485.2297632795724,919.3868827952942,-505.29815742132865,-1910.8907352741783,-2498.1687580293715,-1924.941329581313
-498.2164475172509,926.5971462222261,1507.96327786817,913.0080420693423,-489.64405308745063,-1907.3059007297902,-2476.2164410210717,-1909.671912117385
-479.78926161259665,918.9608624833917,1486.948872922484,930.5514817545873,-485.0282797984169,-1897.4277422743337,-2479.9753797347207,-1915.2995267733813
-497.4527754007861,918.4109871445786,1504.014184161813,933.58261694626,-481.53365466861317,-1907.6640318591792,-2506.883962305565,-1902.98275088091
-495.25093309450284,920.0706938329354,1495.881737244774,918.9434155338047,-491.603843339157,-1902.1453151609999,-2483.551146814551,-1901.8793462096228
-484.98715621814006,935.832827972504,1516.3262652280546,914.0121723310293,-495.06343098377295,-1912.5438590032966,-2487.578537919548,-1912.380503186878
-493.9808204406419,916.9749492026544,1492.8918281526292,923.232073527855,-484.17260742404443,-1907.5524086282646,-2493.838891756273,-1901.411848129486
-480.59519822413665,921.124236621739,1516.5807998220725,909.3789185570345,-503.9600020692041,-1907.846213824519,-2490.272167739758,-1900.8818904503894
-481.10706697352146,929.7567921829844,1515.7319564331788,929.7964380075489,-483.737295695381,-1922.9522353902717,-2494.8954399021964,-1904.0466725168665
-499.87081940451344,927.7534846941697,1509.0599070400747,927.9487349191978,-494.4403072359913,-1881.5153837203538,-2487.723713745152,-1914.930025912348
-479.7465689019697,909.3182900719498,1515.308168311719,916.2538705637398,-498.2282233504547,-1910.3996723136338,-2490.025843822064,-1906.8991450225503
-494.82819005241976,935.1359411643531,1520.7374664639954,911.0552175488443,-492.3751207788509,-1901.6139810185964,-2484.2394121308384,-1917.149933580938
-486.66444592620167,939.5088751935288,1510.0618653009558,937.3093868539444,-485.79022234422035,-1904.1194396570431,-2494.5309700495914,-1901.77015113369
-494.8292006467727,924.6317628933556,1522.6980779038206,908.7476830681338,-493.5513913783501,-1888.780969410166,-2505.2367108583767,-1894.2787389929688
-471.76549497583017,943.7881779839591,1513.012834074731,915.7312881865015,-477.7587016288051,-1918.4697669657235,-2488.2613896586226,-1908.2720757570528
-472.02565936761516,917.8449967806323,1507.8003001840932,922.9162662511484,-478.4996964391697,-1915.9199175998742,-2491.8379874326683,-1906.8327500721284
-486.5829880042494,928.1436946703901,1510.3418571382008,926.373875552101,-487.23030058095014,-1890.8989594947063,-2472.903884140362,-1890.8679807368112
-488.6713015570625,924.8825513166216,1510.1195867305933,924.3895022828804,-494.32615740021794,-1910.3813498586032,-2499.9648743672587,-1885.5293749197149
-485.23193504716886,907.2198930462142,1513.3820054599269,925.4224599059094,-495.6992257251733,-1888.0236206576776,-2479.711246180448,-1906.4268244248474
-490.46906725490913,923.7365624596897,1532.5841707536938,907.5055563992937,-495.95101481962365,-1909.5371916627944,-2483.1758693298675,-1907.318586810058
-508.2182676512978,932.6409406832778,1519.2097249483345,922.8025522442139,-471.22933487464104,-1900.02443918099,-2472.165067352354,-1904.293163041789
-476.0701112527362,950.5306982184508,1518.0936321958466,938.8875704039712,-479.098399111049,-1884.2065707239938,-2488.4878126597523,-1898.9372516585395
-466.60055148958986,935.0041322617752,1511.6958152707614,927.04400063469,-448.3198693157338,-1876.4519170205158,-2473.27296592106,-1879.4109351187528
-459.4489483717122,929.5706441202061,1538.378083509394,921.3112031542818,-500.9558504153164,-1897.599103575252,-2493.244173634372,-1904.4225314868154
-496.25461144975566,937.1638196562807,1503.521300881062,932.8496046656998,-477.6255144600926,-1900.004594894988,-2476.2606757569756,-1901.10253686147
-485.4168997345467,955.2119879729185,1518.6026445515663,940.5198366948322,-495.492631582125,-1888.0439093209902,-2473.2545426496795,-1903.2268772035954
-472.8959143410894,950.0645943953472,1524.1829720200658,939.5017472880832,-481.51589400064296,-1901.5839677977212,-2475.700214817752,-1896.1115567705835
-496.60726902611714,927.6484086970726,1502.5692205845157,953.6738824868818,-470.49115898772953,-1896.2176499424072,-2489.9147551471215,-1894.7364959523245
-469.14639275962196,930.041430046514,1533.3078388424362,954.0192893766616,-469.2143156367777,-1900.731976357721,-2483.257086048207,-1893.2312574949349
-469.2717667965007,936.1776980219885,1515.2678670738171,934.8577494542384,-460.82901138702414,-1903.9928321477391,-2463.3851933333226,-1909.312735584134
